-0.7189901551943924
0.19677669844040901
0.11890571990737775
-0.6220655027137207
-0.06560061321751681
0.7075422356423519
1.1046728577606058
-0.002101434594418361
0.07203741741361752
0.28097264588172965
0.6698611554664304
-0.28191305853028314
0.12815315422228457
0.591183677737872
0.13170114273567002
0.8470356242916894
0.7107506471988084
0.2347441547478497
-0.005733272372895171
0.607325796463777
0.3133893428660136
0.6274649864112882
0.0554622482689498
0.23086935220204352
0.696869140996806
0.5843178833273546
0.2696042347086647
0.6673514329629638
0.9131267228133217
0.3621439240438285
0.5439672493548949
1.0840535519533803
1.45564891686014
0.2945569625400556
0.735560147602242
0.33058999776636
0.8838575565681215
1.7561896362758413
3.56725514276835
1.1500443705242633
0.3909113621093147
0.7476197187051458
2.6387044697278226
-0.46433185385806364
3.1406674348277916
0.5686725436675077
0.12018591604680107
2.282903400994911
2.126794611478732
1.7427363959731885
0.2126675151518974
1.9532996887792056
0.799214209475247
0.5260828010017238
0.28377965844798775
0.3346674709360994
0.0827167259854325
0.9513877800564872
0.6583617336038197
0.7867734450851267
0.6063810717335945
0.1572639721366296
0.6665010641169606
1.180183625107182
0.30751752699408474
-0.20279452174721244
0.35901775058686636
1.1209303088928286
0.8455007353992572
1.7628691667488825
0.5444407807829015
4.778869039322679
1.089155268801402
0.2401700169276893
0.0803699998290971
0.8257480071961021
0.5087740320120191
0.20465549072914913
-0.3384261709144837
2.486883438161896
1.8932638117995926
0.04063266291595838
4.19957766560854
0.06840745157448862
0.6903694031958114
0.3602469910195853
0.8536096500506756
2.1902716019651374
0.6296850400411894
0.0512379112470962
1.839506203102479
0.10152565244696465
1.935584739018423
0.3897978421225026
-0.14675341037809697
0.6435880810977417
2.093694610963999
2.114065092655642
0.2600380540364826
0.1060788194426536
0.4878215992087888
1.841360936221728
1.4150848095929769
0.21307338245484492
0.09922979879016568
0.9982354299849916
1.004083352935229
0.6956643450691764
0.2995520211508419
1.3090884080963798
2.153909374700268
2.363717904038601
4.979614835285344
4.57860005017193
0.17026720090047157
0.8582651195040549
0.4236496466456475
0.2720279401553818
1.306497828683105
0.08271468929429804
0.8021497922256106
0.0950737801205407
0.5221061068625396
1.0521544945506276
0.26129245936100365
0.23870209061789907
0.0412375974945822
0.021809604888381205
1.730773089110473
1.474536847520203
1.0134189907494264
1.540928304711344
0.28994748280733157
1.394455896480401
2.092014441671475
0.9530214574492334
0.3692115667111071
2.7199945311386386
2.8480111135492305
0.15712052051826086
-0.03495661535848121
0.5703153223346318
2.6203265724427593
4.715183623074487
1.1081154624350458
1.9749161326584983
0.9867316244949244
3.2706532292838615
2.149693031577404
2.12686639386642
0.1899726401749739
0.15303892180908857
0.8956134335784725
0.44786168743955157
0.6071371149008997
0.4694238245590402
0.30422902680354436
1.6715433048179211
3.159240074938312
0.8800141408669054
0.6436152945480533
1.7308675569768153
2.2908610985452036
2.8105112419527303
2.149177840129053
1.2649286841015495
0.802770493775266
1.6968197807698668
2.9806344525838844
0.7744633340790263
1.8351786198914508
1.4706453829093173
2.969971770742805
1.236418423946231
2.743341917374103
0.5573663316309195
0.14981967460987378
1.790777012264976
3.0349061707377034
0.11702642233375377
0.935575145175804
6.51708598329752
7.134954102681443
5.949593581179565
4.271160439568408
0.7451174637306341
0.8076364124443454
2.316168540758989
1.6529686182875098
0.2408357067889547
2.4250122496063677
0.20082277272548166
0.9424460163571227
2.1347847416489523
3.843995789470265
0.23175372775142694
1.0756828639150708
1.7229782244602458
0.16944501097391662
0.9853745177617309
2.925549291651713
6.052388659496539
1.7466141362294558
0.12671861170673226
0.45033276872572015
1.1208832751476736
0.36657056777622116
1.3332950577137421
1.9862631062911251
0.8989393886937707
0.24802177494272526
0.06549340104789136
0.9828195475124533
0.13666432747214544
0.010506465443497384
0.11004667612931487
0.15930411389377053
0.9175435113002619
0.8858139007130678
0.4750603020890433
0.8379209861785493
1.0037352737635286
1.4325428708390728
1.3073610766875574
1.431753171816356
1.4067237860669097
0.03842565368873019
0.7871056540683491
0.2769564138286686
1.2712368682520045
0.3698160890752607
0.5163966997456304
1.6340780726569415
0.22108987773212924
0.2726775213793841
0.5046326003712134
0.016088186527029
0.24646093814887343
0.8432842745659357
0.30507038459225727
0.533219971901221
0.8093097021168802
0.8426344356633009
2.531777061542473
0.19477677228408385
2.3198295098370467
1.9080505279175437
0.8323627800151847
1.9310958275086123
0.14175686072253119
0.023104423678947106
0.2522387871965338
1.4543837357993346
0.40382873063774727
0.3564985388454631
2.548465984735943
1.6237383042633466
1.114109305030103
1.0556952237958033
1.911505917349349
0.797543709147027
2.7820477449658974
0.7317921874063154
1.118615990029665
2.5424851095114467
0.739448217272684
-0.024147837492230696
1.7062542368905116
1.267068338920422
2.3743827157544066
1.086258347758213
0.2618022688339132
3.6524271393877785
0.44795841466445335
1.1995027661111122
1.6698325278697044
5.664908783715713
1.844641442295265
2.5457926615867073
-0.09644031178105644
3.165262527857436
0.5092251472321622
0.6462292645283971
1.5781760404176977
0.10600962839179862
1.3728594251135329
0.7561750118075805
0.4421761837595476
1.4491474361240466
3.7997662716487426
-0.2287377628565523
0.3463025187121964
1.4453174140302703
-0.17453908871651969
0.25003326436596285
0.4614260020245291
1.2215007539401679
0.7330624471975193
2.746485686667234
0.8404872429112347
0.9188755944057659
2.268657664318436
0.05117318628418488
5.1844947746703784
2.335072360717538
2.4867099001334227
0.4184861655701204
0.9581953395967264
0.838528726312458
5.384002185740304
0.6371114144219354
0.3501498079944721
4.026502204603961
1.9044518031289468
0.5493596969933205
3.8403705539191875
1.0949776111547356
1.5847885488439992
0.07286950298005071
0.7858637411456684
1.003088866689236
0.7615813701229059
0.26912738575317485
1.6274797939249526
0.15744574412224593
1.1099378259079549
0.09458531491304445
0.8254615763261488
0.3256492708770511
0.40071525092220206
0.0350839392748048
1.0363341180376917
0.5789270630503999
0.3850977861720235
0.6446047200346281
0.2151143947456663
1.6335335020112973
-0.08425078079609305
2.0092851430724665
-0.12868203153643298
0.08087145396878204
0.04722144505674053
0.24231549853500306
0.8023751187163022
0.1531156122587883
0.6332587298734845
-0.0029867551290960054
0.6347014220108567
0.26866299205628985
0.40591451297750536
1.9891759688405872
1.0706666170245929
0.03684173945393676
1.2081882201521217
0.4247851456201912
0.5191545468730228
0.09414473662769568
0.16425702587194524
1.290809536086622
0.41182745742382504
0.3709988340368794
0.3036039040439523
0.5962255442461211
0.11269442290548137
1.0255912906678126
0.603850253352493
1.6367675568723101
0.19819902152848315
2.679482942035765
1.6320832497768092
0.13493096618929432
0.7636012165856263
1.1448439661316998
0.13987469840933842
0.5098686962383232
1.7534677708740958
3.5353703143125914
0.6886382918531535
2.683890332063611
0.4136963903761476
0.6978952438048054
0.9441284339711402
1.542965242329055
0.5779102923366979
0.09867843659179254
0.2041575652180168
0.484396997192592
0.5062666482547992
1.385326387057813
0.7331409235172832
0.13189061286144843
0.8233970540111788
1.3401501721406608
1.749385352344375
1.1466390938661308
0.12124102921484627
1.7241838738542907
0.10964200436285008
0.5751503577220436
0.3497316102314237
1.7551382240402633
1.3222213263052636
0.20598174174377828
0.29583403688109894
1.2663717569051873
3.1860773053841207
0.18808500957545704
0.3269143039177408
2.2649932772914037
-0.022215821792970825
1.5517841854761933
0.4256277493638805
1.9552912376559228
3.1037176923260965
1.3070203426398446
1.2238428510092452
2.780383161284398
0.8386553065364198
0.794667328563524
0.9746105108760141
2.5710076293042246
0.09323323073008494
3.273722605756614
8.11359164490553
-0.12032938829824956
-0.004797064104728632
0.4926722469305744
1.7159990533366938
2.864046160300826
3.4185294349792157
1.3433508940172152
0.13123814826450902
0.003613338641906605
0.6510658070104105
0.5766533765428029
0.8307827139545714
1.5113208924541581
0.3295378463817028
0.4246690581144431
1.512721337198315
0.5341757059808794
0.49474294330183854
0.7229974264525704
1.8533691922335673
0.4826483614117303
1.477148575403588
2.1032048618962706
0.5316444714750509
0.7334734213395575
1.9551701439518632
2.545229214197831
-0.14399823572655523
1.546040655656003
0.026308862055917894
0.9038168406699052
0.12422024788053326
0.37986787901642693
0.6171361462157625
1.719566125023513
-0.0357579015810643
0.36317010276811906
0.36974662692267585
2.8382044370902015
2.449914888297646
0.46054690719480895
3.1996494173863677
0.8646490303712937
3.518016057971979
1.9901262358589271
3.994006396850831
1.5892973126237107
0.8574157950170429
0.3551351262741128
0.8013911431220601
1.1870718663261894
0.445553626982536
1.6780496645353349
4.059947944705946
0.2449631021723365
0.4191750655967629
0.7023759361449198
3.69748664773675
1.0533255596529036
0.543209745495801
0.254633873718644
0.25223839964552186
1.4135079541853945
0.14900110011656326
1.0278577272407792
0.2858324470878299
1.7241784942527916
1.5298157390729799
1.8691586028108103
4.496921775936031
0.18683804881597876
0.9775890333717396
2.4881097987442384
0.054845057069536796
0.6879859508114485
