0.38651005647461567
-0.10395561673307877
0.08625618078599195
-0.3474675859707482
0.06403506986270731
-0.12381213769698579
-0.07533363139752447
0.48205591293065947
-0.23838960315589264
0.5713232048626071
-0.04868859360820532
0.0854533977057715
-0.18002591406068236
1.0755290897765037
0.03440204101123179
-0.022673994252104313
0.866427047287274
0.023690671790729256
0.06038713028839293
0.33638505231397225
0.10054489579790829
0.02992153077677684
-0.28394850100221275
0.09643773920855336
0.051979407148398396
0.5760998997642548
0.9970095055806771
0.28860810842202167
0.11638709764252742
0.8572177757424209
-0.320754343210095
0.3904840556179314
-0.21573951783211265
1.27720730620942
-0.07738671182256884
0.11513235002820466
-0.4317105585503941
-0.2759977135102866
0.036128800448004525
0.3195184696968334
0.704545247003777
0.07025404756131592
0.44548394286973236
-0.3234475140403177
0.24061403405198845
-0.2569123955345285
0.319768321791988
-0.22220316482323876
0.07744041701731497
0.36147772598001726
-0.26160579723050503
0.14738685988832667
0.0476526595134418
-0.25433445898502915
-0.15269714371123635
0.2986197608636054
0.2759441903581995
0.49894362059119324
0.659631199560984
0.1323174910822819
2.2680884269075148
-0.1844616916386277
0.017597106753768466
0.5476502047210161
0.21013104441469288
0.35163294577080817
0.31178625236976076
0.09440638289199321
-0.3359067092536306
0.19134701887902517
0.7934618037157625
-0.6403613445341549
0.5736594882316455
0.16483806397138778
-0.06908201019157101
-0.09319935208464986
-0.2690728573198665
0.3416122702165151
0.2580026695361053
0.040466039415045674
0.19978083561207494
0.23275921009063738
0.11040789852853328
0.05689627797982855
0.09771863671925618
-0.4346349098326061
0.6018592554925473
-0.0342074905390688
-0.3329422439802968
0.17401294354346952
-0.4157022083875289
0.5342146664911962
-0.16438238664138072
-1.1023765356161348
0.0253452478243264
0.07094796608215825
-0.22812096133837567
-0.04621732196356537
0.7435659229110406
0.5579052849768058
0.5113975444583249
0.9522645037355484
0.5350168966234996
0.700795784714783
0.16451046074110642
-0.054134812344733385
0.12193898435280272
0.07020787559728664
0.12503909460573542
-0.721884552270101
-1.3719206337321728
-0.8221197466696559
0.699232052606883
0.12520442444621516
0.06438281136768896
-0.10128028040231674
-0.24717445216776923
-0.0719510533189026
-0.38623583452760346
-0.1813648521411838
-0.1049447908423986
0.03552500074786957
-0.42735509961536056
0.046381098698206946
0.19793618183797201
-0.06585004058076227
-0.1631306603902224
0.1269809889434983
0.1257285877449823
-0.7539851488917318
0.035620052283926174
0.6713197330726004
0.31983081671351365
-0.07503873154370244
0.12658420931089043
1.018490252991973
-0.09599722357162271
0.3140320146634603
0.16516600310463053
-1.8591028644792091
-0.004687003996238059
0.8196138981400116
-0.4266810026254193
0.5568240414195096
-0.5110244358616454
0.104357301029959
0.4097898883676214
-0.6570132090887404
-0.05692987620391765
-0.11356087984399954
0.06596713247713959
-0.2672631179553987
-0.07193496069154726
0.0360590130762737
0.9573876532756791
-0.6854986968529988
-0.045775394371450284
0.44737779921791265
0.08826537622978353
-1.1522986837678162
0.04596591404614769
-0.0267620445678749
0.0888962625752211
0.5272581751604531
0.4753511448965792
0.655195593871079
-0.3963511450887446
-0.07191745007523775
1.582017193004652
1.17345813571339
-0.11882932931547752
-0.3556246564233727
0.812535359072071
-0.11563632320005635
0.04616029073893335
0.2766143207199898
-0.1053556933165063
0.33144811902281407
0.007362232531845703
0.5745509611637467
-0.17387562541947987
-0.4141596099361011
-0.1132746103717106
-0.1487732459934008
-0.31121626964226223
0.22963845611660583
0.35192971553244223
0.13595737333942592
-0.05898754871470998
0.061308567363844824
0.4699360714561161
0.07057045673770751
0.05927896621119605
-0.2899568396775236
-0.2321258177221055
0.8810562044519465
0.883959103073716
-0.7796645674675124
0.7666447687181244
-0.07676400392712057
0.10807982523324924
-0.038407034506367455
-0.3122127182025123
-0.4151190104545549
0.005925622907197281
0.06839269190515057
-0.0659516211252924
0.028255428984466868
-1.5432826532872979
0.7701005794690653
-0.18270186078394102
-0.15788573067848977
-0.11540244319510509
0.17343871655273135
0.15352649072618496
0.05957875246186284
-0.18973865488628117
-0.0697487204122268
-0.2208451995997786
1.2755631952896613
0.174961145586238
-0.2313198204483688
-0.15010315306713512
-0.05841412734736762
0.05060351320331427
1.0978714893896164
-0.03051681273574522
-0.6685739770892849
0.1855002086937489
-0.8375835445590147
1.232217744400366
-0.45122582857267624
0.13037385450047173
-0.7205859405136978
-0.6933442766646853
-0.49348521669188455
-0.4164515518482572
-1.4692451388596266
0.42397258717439157
-0.21021969753513398
-0.8254996563743839
-0.041560997173153424
1.092674886365641
0.9599379580305154
0.5116780742994851
-0.9173194021403822
-1.149041485803005
-0.41660758277529775
-0.48780701302048923
-0.5388066356977848
-0.06981774103531668
2.8560711862173074
0.015962736989239584
-0.08509775173287391
-1.0291964338168762
-0.5843667683701301
-0.30902101190453335
0.3618472685670675
-0.8438546762761914
-1.7553335671935533
-0.12550400831313865
0.12848275140643306
-0.07351965385477266
-0.017084605618946425
-0.9125071617879423
-0.05763223074927809
0.7081306093250379
-0.013205789788873901
-0.14559738855732962
-0.31336690493540087
0.4539169556031981
-0.292101585303448
0.4198434708320411
0.7532238014449226
0.5597527505091967
-0.7510097546431912
-1.3837374593660323
0.024639797685907572
-0.027011478310650094
0.274321263342191
-0.2881723893058037
-1.4012126412753023
0.004078358793805581
-0.29180494319789074
-0.6927413364107113
-0.8111197775096359
-0.7242073592427589
-0.09877065423394155
-0.23167714172685092
-0.004690239990892048
-0.2297460523464423
-1.4216588921789495
0.05045336977853532
0.9338311713881016
0.022826428326279236
-0.3408169741234081
0.3396003594289405
0.8093177914301002
-0.46154440422120424
0.009566081495150314
0.0246755199488734
0.7190835973171483
-0.1637081368725558
-0.08517270493910062
-0.04868038787593015
-0.03981340298750827
0.21982785468728677
-0.752813424985036
-0.8125877762099365
0.07528043693384123
0.5654164724377699
-0.14000636520596293
-0.05362681639694446
0.0683376368494881
0.0666252683278578
0.7794582807623727
-0.024968740265225442
-1.494875100527921
0.29152285908850817
-0.12815194268829783
0.10503019665702772
1.7730779593856256
-0.32968613777132294
-0.2493702428903799
0.264419423271518
-0.20005584805501664
-0.4311188751070734
-1.4149886356884998
1.2055309490770594
-0.2990024147240755
-0.043486344454986725
0.48056360937247256
-0.04575255700917735
0.38114350414909187
0.23518757167133497
0.23511910900202343
-0.014821024530226712
-0.21623526175379615
0.002939513580472841
0.909566685595917
-0.2798799686832976
0.009417892920510873
0.22102215048340634
0.5923527691106396
0.20440898896428794
-0.08322682250561475
0.00019398850750818042
0.2072388751454427
0.8911906059799832
-0.1958565839464923
0.03756500017695091
0.028802319896665762
-0.054623411578999526
0.08982557383256906
0.1756655763468875
0.1508192251722128
0.00667218942072062
0.44131166765293073
0.00044012223440992315
-0.05719838401651159
0.22081874754985054
0.34861081671696637
0.21574573285003756
0.09868127165367524
-0.1381262779760517
-0.5772206038938104
-0.0029594276542836973
0.2670645341017474
-0.5937910563272082
0.2302477921160367
0.30658129000629275
-0.39254076817535166
0.015845132761989844
0.009335224404706466
-0.43665952559453736
-0.011380259827777267
-0.011562298888772471
-0.4447126008719533
-0.025111909023859895
-0.012593161910481987
0.2257700676942057
0.03772379919630897
-0.7877333170950713
0.6857192673676107
0.11920467793922818
-0.12712889655155735
0.021614568706471382
-0.14133865195079484
0.02699281477443316
-0.2008947571259032
-0.27290832765680517
1.1937744589228645
0.7923599081192789
0.2599624159499272
0.3326251061405078
0.12424022102071608
-0.04347117188366942
-0.15888128945345548
-0.43409450374677905
0.38048313744028417
0.15072019908265233
1.8235761191206845
-0.08644396803275822
0.5380975056896583
-0.05176435330857934
1.1063625286755436
-0.0021991123191282824
0.5033280150601236
-0.7214684592554645
0.043941608785029715
-0.2699646858063326
0.17179347857608152
1.01544047875257
-0.24107929088549795
1.4681085069471567
0.27974583653269813
-0.05208006305362367
-0.2093229999113226
0.08019405694320061
-0.24403210260318248
-0.2686640022389124
-0.10098885446327621
-0.0010544884809031152
0.46337824772682124
0.45164245578107975
0.6835469790817229
-0.1831335507716535
0.10544338091008809
-0.2280935657642641
-0.0817155301957262
-0.14443315244196553
-0.014095959500300126
0.4584582782050538
0.015090918221093208
0.09167845969995125
0.2050936374889071
0.48729162185680086
-0.033649377421150206
0.2792857708031442
0.04602151077409222
-0.41588542203475876
0.14639692472238117
-0.016741405251334857
0.05541590953410047
-0.04716208179467307
0.050144028026543275
0.6012613283479333
-0.19767435754257034
1.7914843369019382
-0.036837680371029524
0.10709166479411358
-0.1840879462381695
0.6477969546181415
0.282960463173814
0.2894826651377156
0.49096156901118354
-0.3059748851234589
-0.24846703602118964
0.023345299415184928
-0.06768515844158918
-0.21871874665841962
-0.020973680779532433
0.18165626600479057
0.007973593795397388
0.09723572713307971
0.8553042318722244
0.4130664553386702
-0.33422049789991903
0.2852264957996602
0.21704902762571598
0.5593938877352853
0.4409222385854742
-0.7524697849374995
-0.0961333721414257
-0.16724436750539806
-0.399405874900832
0.19124708847692695
-0.07383760539953688
-0.7843840145239909
0.9225071688063119
-0.21006544251643489
0.6150023169408234
-0.8361849949437126
-0.24073219898130094
1.0879714517427104
0.38967754824568646
0.2481455401367827
-0.14311813224842607
-0.10405955508237952
0.36715880508280463
0.40619462509843896
-0.7372356187345177
0.5150008536665436
1.11598329866592
-1.7327458842633792
0.05000122678583452
-0.285099320318579
-1.2856502465331299
1.6544681233395053
