1.2305556089473546
0.7826673528363718
0.13972263688960762
0.07722514425879841
0.053289701008759904
0.1931121306547224
0.17302919924313132
0.2613908458970987
0.2079508298907638
0.1012674412460073
0.15522546544687404
0.16139224938681843
0.07873274620904432
0.0694592724687675
0.49767938307315823
0.3584114233013159
0.32617491670773396
0.3297567877792023
0.1151402325751901
0.1761132506849098
0.2882678616266734
0.3857474631305347
0.5908783200284143
0.7607596075367453
0.325616053423156
0.41300629391296106
0.776120010259113
1.2298551462611895
1.361670279329632
0.5805812995658591
0.8030502410223793
0.8567986989255203
1.1018741299984895
0.8137174712628844
1.0259870259776753
0.9726906642216873
0.8722251078395327
0.14217293537660858
0.27427822251850265
0.11164162236943062
0.15767172084678477
0.22039540181520006
0.21363042867913018
0.17947863445456333
0.19991489454511258
0.4483420341151223
0.39239150362290864
0.0365028093040141
0.18134657120713477
0.8205690395595349
0.6060094803620096
0.4416835687616099
0.4064646579935538
0.2535920767449802
0.33781690557267435
0.5146766926864476
0.7601707771239807
0.42771361425919535
0.21318286691733018
0.39760329933919636
0.49905886963792906
0.5284007448836582
0.3326986200771206
0.4511409143442282
0.7999542422574021
0.8196651323296575
0.5753289615538104
0.6939030783934033
0.6773268261489118
0.7975566649058039
1.3150772386797294
1.6374921308968902
0.26282381496126517
0.42628595712439415
0.5430952044743634
0.5713960653196869
1.609391471872311
0.7372818906173507
0.9194519966826193
1.7143494987633519
0.42788401061293324
1.0595924014139673
0.9086664571833603
0.9903241022483347
1.073804229431413
1.0661796014286156
1.2496668803241953
1.2321771527366134
1.2892530848530017
1.2687569469199727
1.331532218900806
1.4544067037447055
0.21023896594967606
0.3511402564802583
0.8060952184012693
1.6210598841013162
1.7739807747779683
0.4144799790698689
0.3307076227609552
0.11013987886575077
0.5359907503250962
0.2031677135615495
0.2748496492006943
0.2439295836292243
0.12085519507877009
0.1483853924594687
0.46016541247387965
0.0670969170952731
0.17918511224779082
1.6514679248686739
0.23516035859730972
0.08820371060397021
0.11158054209618559
0.20446986623923002
0.17661915892954583
0.1491216429039481
1.2841622941074786
0.29997630619285587
0.0973652294729328
0.3974049463860747
0.18236533956417192
0.44838460475582614
0.40144638152030593
1.212619337521975
0.3899242103181061
0.2089793125670772
0.40537693708436817
0.7460501081365881
0.2183608761103415
0.2261472810145581
0.14086474190533727
0.6861744732607233
0.7365420891869292
1.1959450684226567
0.7362520894415713
0.17611926792136756
0.08973841967447667
0.4603175863989474
0.6116595901927858
0.4582152123284632
0.134636596432337
0.10739542615929591
0.45171002824231077
0.2155136998391974
0.18684249044413162
0.3555650620381388
0.43334712237178785
0.1923994027260979
0.23625400387592232
0.24860363769722976
0.10338174979888778
0.44217737204791696
0.11663650073284992
0.2795088485360453
1.3297723886474322
0.41855735446510106
0.5973325222473339
0.19508855447386864
0.36278359279412664
0.4579316905036302
0.39812832576444557
0.2869142298486248
0.2925209541344877
0.24516633082273373
0.17031285298807758
0.16524701800450925
0.1229499340794091
0.6032743785944847
0.3738347468427882
0.3593984421155757
0.9115019165973568
0.32777331400516163
0.9600566749266529
0.2848763450513432
0.0772942407846548
0.2761745913750253
0.43882434670387904
0.27616773238522435
0.39187925513313693
0.18119167279874007
0.3651537907687288
0.23102333071283856
0.31778427472896437
0.2210608230562619
0.545327088504054
0.3137278589732488
1.0691589697883763
1.04725545531505
0.08344728338447908
0.1244689006768483
0.5435048530457224
0.18840723059518172
0.601400535618512
0.30130540788984556
0.2278977810262602
0.0994861571805111
1.4326126824967582
0.577184050767112
0.5600771841993598
0.22178905254826048
0.20676408261241408
0.6250549856145414
0.3779558395709
0.670895741768508
0.4479103745472941
0.36055301590462213
0.5524311930601258
0.10182275244352951
0.2537449393949823
0.2687893471839629
0.3813801698561552
0.23863668147724343
0.4668689213223496
0.2806696340175384
0.0861466693729885
0.5110000453031609
0.425593132322103
0.315968598829813
1.106793615542646
0.755010071183756
0.408234434021124
0.8818894561593384
1.187254006593814
0.1146422730450513
0.25768876326908496
0.07876905675950419
0.36893856265156144
0.10946349608907532
0.05706372665613511
0.6198374236325015
0.4583580170681123
0.5079195907499378
0.2748558067032316
0.5841340958015756
0.4121940885731298
0.5212298410949276
0.7727789808079882
0.5066034967901226
0.5283247581702262
0.23342199456157342
0.2669234054000782
0.20446759488208777
0.4129410649739085
0.1074974386708023
0.1827720169323476
0.13766046943893911
0.4524927147284537
0.2815837053545002
0.40097395585791507
0.29670446296955016
0.32085131131219397
0.755386047737084
0.32344441675034596
0.4808019607175586
0.2037723837071764
0.34513401655503995
0.31291296217011544
0.872262812593184
0.8723409819374818
0.15592038777300188
0.22762060755047792
0.4043753259170473
0.3131400023573888
0.23818504190869805
0.18019708769483112
0.2222420377572779
0.16883551921039902
0.4323461917362654
0.37397715802223175
0.2870806147485426
1.0098482567822293
0.6755412680916533
1.2511633684584746
1.0245669283841523
0.5601072663294546
0.4544353291187266
0.6442034226077218
0.2083630929173049
0.16940666939706442
0.1526929009271028
0.18870707405669648
0.1818312681446579
0.3912946448608354
0.27369222416652383
0.49883913545596303
0.6220693589205943
0.16629135960699248
0.1727264787322362
0.45015656238502744
0.10856540692490849
0.2924114133980519
0.18084006827540222
0.10886746000809189
0.561844052425424
0.31361791601971034
0.8943158795306624
0.44822574266358234
0.3709545332935845
0.2089110132860801
0.9255366139745584
0.1277173669506102
0.3018732289796034
0.19298494073958763
0.27969656899473394
0.4423556899345775
0.18646111934936
0.3065890951634155
0.0469097247428247
0.2791402844045825
0.17613272361626464
0.11911353533980981
0.4156949309313909
0.1697099481563928
0.1090212600628545
0.14212371189230216
0.7983995273703799
1.3183195404591181
0.45437073816730567
0.25003789345461536
0.32735534727932053
0.0583807361924496
0.238408827351407
0.1307872213389378
0.1570995687220872
0.2194311773962288
0.19780583981371963
0.1635314866866387
0.49831086745382575
0.23645260854300126
0.31293407185362787
0.6004470851843324
0.3041729832570417
0.4878529387092518
0.1965584360022981
0.053760334790685704
0.39936816777790846
1.5816794981807298
0.2307852091837871
1.3017744726613247
0.1943548322168237
1.0362057967285063
0.13356276439845222
0.45991847046609646
0.1723679514426277
0.8412578244621576
0.20793960338031262
0.2247082630966275
0.0899227213912636
0.5027053603362203
0.5197590308130273
0.5775170398697522
0.15824049936387213
0.7495810618812757
0.40144123300796475
0.0578202064107909
0.16258493369915317
0.5167148570446277
0.21522679117372961
0.35665821873112624
0.25613581577930206
0.2828954300385045
0.2615292853720764
0.1454628654768566
0.5808803998999423
0.1884563114070375
0.4608788730939115
0.610992832245947
0.3317478281654743
0.301912772455812
0.21805406442348496
0.3948415521430555
0.9161928348267181
0.6042620121311175
0.28206702874971384
0.5420528500715034
0.7189443006852367
0.30170181085945913
0.2936459921784521
1.0697549996929758
1.2818240529224942
0.1847466726573087
0.24828891473761788
0.24681618771753785
0.2075989252889776
0.6617988795541858
0.1408628098341752
0.3474439792784571
0.35867755816533603
0.7871418460369208
0.23385003339364557
0.8062642587794255
1.470285075017512
0.0219157365842657
0.10969472138669212
0.2754041952711714
0.1845901808353192
0.1741212122625691
0.47386975960813005
0.40063597469884515
0.5009577089457781
0.13043504907880057
0.9586757962165895
0.23662192317252642
0.6111445974428696
0.12305074025685139
1.203116312615344
0.16867812122869213
0.22054680717562303
0.1621464436957087
0.30068640387355755
0.9226024781236632
1.9270212758798606
0.14170284761794488
0.1254733829746849
0.4304572989679779
0.24165179721546592
0.924438349803495
0.33375871743987906
0.1445289926409114
0.5413571334959868
0.14880119933444297
0.14040994670857537
0.54118313045647
0.5071717416863809
0.35686869519875963
0.589522802049812
1.5442524929242674
0.32639820734176583
0.10341934403852121
0.1772696558555036
1.0317563273533417
0.1538559391257507
0.7592693228023735
0.19267722476715843
0.37089743983638024
0.46267443733649133
0.430620206244439
0.2247782236237788
0.6101778580112227
0.07689405659031259
0.32672575064272386
0.2249327637370519
0.6671679135684901
0.2674634703117362
0.5837742697952836
0.25653588887110923
0.4790517393399357
0.8013146373424959
1.8990933958817098
0.15473108198500218
0.2364836645009219
0.6423222145576833
0.34166165028112483
0.18196947595473345
0.40499314665964226
0.16333470512577714
0.924970793256241
0.4921299685081283
0.1977317108279269
0.42913476254691174
0.09678570486450569
0.15196066648872672
0.8969451796852757
0.14363616752701652
0.1863787245682049
0.17840371198398705
0.15373919863264623
0.5050328892820996
0.33994904089049416
0.2269737018748103
0.45552358589911635
1.3289129541646485
0.24685455053487043
0.26415517032773883
0.2882375670381472
0.5128742748700448
0.5930613889705791
0.40030713102193655
0.1050213777649324
0.1748142243829553
0.2280342822413771
0.7546219150992552
0.44764224981979617
0.23260659338126424
0.18601740037452347
0.3509063173713009
0.4495122362867097
0.3665790688658945
0.1828359948430776
1.043114032169182
0.50042353849024
0.5805909943695624
0.1288590015065846
1.034060125204921
1.4772597051626577
0.9983478601831284
0.1514026090344036
0.0855323769777959
0.31205147887526685
0.45344304609739006
0.24578504439877202
0.19754289573969208
0.8267108941573446
0.45363375598028
0.40591738957796686
0.1996932067220093
0.4191495466303744
0.21486832692548583
0.1058541934206471
0.45259911156036686
0.653417517430941
0.646455388021274
0.2318689181501438
0.19759278680366987
0.3169759203386188
1.1330700738251873
0.15823617333486206
0.8431013866172431
0.16204256928450061
0.0839918990921929
0.2943989833843347
0.19286606607306653
0.8326220869968314
0.16605205860229377
0.29493442121505253
0.244905327819628
0.6114881429761256
0.5622831695558193
0.40049502168999995
0.13769260553106377
0.0977666417230867
0.18032680712479468
1.182974687867267
0.6242041247974092
0.38064164771185466
0.1042218860197634
0.18934495264273532
0.4404225163010823
0.924453449011422
0.2848272528462649
0.308365402813111
0.3587623733300103
0.12163525469984848
0.5823223320573643
0.3707886991769487
0.3036836566913988
0.2981008748965077
0.12360928411080557
0.7692292880103301
0.2224258514648176
0.1763679817362624
0.1314462418752711
0.3513842425865187
0.27345881458664784
0.39179516419959615
0.47668091575325205
0.14773332207568873
0.2971340178179104
0.18671436482704853
0.23692993933084808
0.1354607290993953
1.2866487322323474
0.2362862866366726
0.4326071175695294
0.26512607209071354
0.22007804274492315
0.1607088424215748
0.2508146584694452
0.47530382897501355
0.2592540795435061
0.9620691026058105
0.24913131217471582
0.40848009719685296
0.23212543591781348
0.2844599448649999
0.393280249242976
0.32841512277253615
0.36650453263360727
0.5163612086896585
0.44129912913810154
0.2010813106826868
0.4763607401886913
0.18353586356580598
0.5126824156001679
0.5645912928501557
0.35265110415174794
0.29938613670875047
0.4272688078184955
0.33243349801877886
0.28294629861366627
0.33640915270745353
0.7297025931502368
0.2051676524981753
0.25219192830190496
0.2040773655587741
0.1495117188595695
0.24173950872626954
1.0590354830579904
0.26539484471443636
0.1514438604514286
0.07755791577152221
0.4864123472480686
2.302062365127042
1.1054363999337231
0.1715145729113972
0.4963669050105514
0.2700851755128379
0.3412972629995232
0.48536215679060324
0.8044379777455914
0.14165342638068104
0.40484584389010914
0.9461164886685706
0.3450121346639647
0.26086154285172014
0.26387340821524086
0.47636334852558226
0.9213209983319142
0.5962455953866166
1.5291017656427364
0.16638032444443995
0.1706758785188427
0.14198314714642385
0.0722501479821772
0.30205375590890365
0.32120259181890876
1.3755653329653246
0.4778917550027944
0.20768923106471948
0.5882276610356446
0.8837590173248097
0.09737332634812981
0.330407751614013
0.10418277309801723
0.13145296824646838
1.6618644593700742
0.4118401323468938
0.46155617244087505
0.5373958365896355
0.22943511477019304
0.21595311951436627
0.1171551651748826
0.7113517940502226
0.0406767051344491
0.7463679024669839
0.40551942362875676
0.28007761446261986
0.1699147355346855
0.26851630461758075
0.39141272429793567
0.253061442545688
0.4043268713000606
0.26532836174243324
0.3015138372626035
0.7139077223818263
0.17055703487655482
0.2753297311691519
0.10519485948123569
0.14796482667210073
1.1930586765365896
0.34414284545168444
0.1262845679303457
0.2568199961880417
0.5208467669074957
0.2410901452612509
0.5532140676199006
0.34720234853204707
0.14381052411698658
0.26005296074837175
0.22864528232867604
0.34059055727655696
0.4823002257362056
0.2442581571854423
0.24876332442010848
0.6138701293885296
0.15285708007391272
0.10214036727670489
0.8797025306025346
0.21016620433319344
0.3853874469106676
0.6772242363509575
0.2603949601159606
0.37773989407130526
0.26617009966804583
0.4211146829736149
0.6435880810977417
0.38374552451394783
0.3241007209424409
0.1136749580549378
1.0872824974635042
0.2996748997186097
0.21035923902146747
0.21861153483903129
0.8693171786424104
0.2452861840298236
0.44930913761799823
0.17533300339499802
0.1598421385262056
0.36040068029600636
0.1944438293270475
0.5228180788474335
0.22393785048278675
0.5699799996451427
0.3555519755030878
0.3718628700242613
0.22116978838853668
0.18852451977287632
0.3845727322669248
0.23197198108916023
0.25215660207951957
0.3744257217102561
0.2242867153468781
1.707071750766227
0.0603842969301359
0.5620227457921985
0.1676227957781187
0.1677719484379494
0.7507177040632913
0.1314126972362337
0.5720802346740322
0.1240822524553475
0.2392482819995838
0.16643789412559323
1.6280418378732184
0.17524138992918592
0.43825640462698856
1.1079270181197025
0.21212998166311473
0.2098566761611139
0.2027115005613805
0.18236042234628308
0.4933950749283101
0.29859182284157776
0.40974200079275575
0.1186030194674489
0.2570053040966973
0.7173531765870703
0.9675594867556929
1.0362429488618583
0.15101430199990867
0.16075576742227332
0.3607277051511558
0.43671363778069466
0.7597173437049012
0.0883107632390647
0.15569593333691226
0.4191142418331789
0.1626908990601518
0.09875896454264099
0.1113233465407877
0.6703184037946673
0.2786301708161419
0.1647009061304998
0.1372790262229074
1.9268028320595179
0.0755926207220991
0.3246730918647249
0.33590471486930884
0.2873135832614835
0.3723657233118378
0.1137295153393029
0.23161636856384438
1.12918653517697
0.3099031060185445
0.2392436925378398
0.21684730402712907
0.0929131274655071
0.9238298665422318
0.1674901377861736
0.5816994553585902
0.11282428413891721
1.0568728227701598
0.20845207846580613
0.43587008734430666
0.16439716010387823
0.8024922694264203
0.0815019084160893
0.13955399038208616
1.0765641606774325
0.4136700137732037
0.41080283793236305
0.42312921582684326
0.18078610733598588
0.2408297577255301
0.5735659584846874
0.2036223639966132
0.16629046544965786
0.2086710588764225
0.38241586951380996
0.3440777247911103
0.08753075921832121
0.45354492837758464
0.9707291783455787
0.435805063632661
1.234592386750986
0.4565948374513926
0.2203381297966484
0.35304146323473995
0.2460986166598198
0.1747264335231706
0.44675330958521287
0.3816973421797846
0.3007860649735188
0.19106747995767082
0.6223271113491701
0.2747010527414131
0.1119981196553611
0.2896215074207152
0.4770634458793874
0.16524283367127696
0.1761928615298111
0.9727072344089218
1.6405203370107175
0.3561642714883801
0.335386369367119
0.3889124427179843
0.2073809161949219
0.28261971564146143
0.7315067164747391
0.957462975190863
0.2512284033460581
0.0283718082927723
0.8782248866891194
0.8616719674077078
0.5959227290598453
0.6100013397108167
0.2478305703534017
1.1478488030599987
0.3127730580741309
0.11056245310500919
0.7242827416545164
0.1361598010376478
0.1723827070189077
0.47443577730425607
0.3828309674944408
0.5601395539257421
1.7035069583378364
0.1564024089325827
0.1277284298950003
0.6427477438914218
0.3280415351963013
0.1540370006924117
0.49936108274555663
2.173277076121534
0.7597999847845378
1.4755371495483165
0.0514767936501903
0.16330476809664618
0.10306211703330498
0.35044001992026763
0.227174489858529
0.6190436157777025
1.1313442941827063
0.2891150853890489
0.3391918153994848
0.13368145210143398
0.28895660644009574
0.1632528616178922
0.1249057648173741
1.11712255148749
0.40620906780758326
0.40834321929361406
1.7027104836049196
0.008262621473362
0.1615679901075877
0.26721937992362055
0.48499718062626257
1.529091198896326
0.1329161487770319
0.3066331851835331
0.10450753862172199
0.09799605110464682
0.11338709556195159
1.9677042021383264
0.2725522085002135
0.1516203562110506
0.7316213213885844
0.2932126144174564
0.45895402974289556
1.4625604116159652
0.8892791331642472
0.5224136927265071
0.9264643954420404
0.032084598614274804
0.20410121158142058
0.48958384960367246
0.18529430277650458
0.15412772084511672
0.08109810229247841
0.39466313058455554
0.32625066384460333
0.190534038045846
0.38667960780151966
0.11591669783543782
0.7650158008509964
0.2208911787384503
0.1052617215242929
0.27016684928664475
0.4538658763547359
0.349870994502908
0.7329588387817146
0.120169141195894
0.2296299579292031
0.10994830600137963
0.0813292786482889
0.15231268731700554
1.134178119444732
0.20813921526672552
0.8131283865307237
0.1100056452491927
0.32246607281759854
0.1900197714195028
0.4714857394489567
0.23871262905800558
0.8288007019648856
0.9916187247364889
0.2049620210082562
0.45826243513792314
0.27696049828113917
1.0611554461918327
0.6104409734731826
0.20926424313016856
1.5009231828988538
0.1414354659517143
0.1237104644190764
0.15074365918030452
0.15437566242388162
0.15380512445166877
0.1636016552722107
0.5754587720193578
0.15641241916103688
0.4354158487573332
0.21546216603209167
0.7850072032392611
0.18706842802835563
0.2909817848657333
0.27068353367515796
0.0701586709912086
0.20504135911641475
0.169517914483746
0.3291741192619662
0.4285126770583515
0.7942808053355048
0.41249367753314603
1.100904760464374
0.2738242215227132
0.4009157465213007
0.22861633000283402
0.3660251192446899
0.18974885828740407
0.21185172529769972
0.6424900661501711
0.2928193990757131
0.26039400262670065
0.2793975681201521
0.1829329784731138
0.18698236024598092
0.19208209516789163
0.3897332609606815
0.18177608241373003
0.5532011752489682
0.3003334260778204
0.40559003655975434
0.4930140257094442
0.6534591101861532
0.18744913284677156
0.2460700789946885
0.25999322814813647
0.1724830886094389
0.19393399041423234
0.49630655119957
0.2982844005766509
0.2215092152315089
0.44185897290621634
0.22836557902561944
0.32489367552388876
0.28656708177865803
0.12621529499947268
0.44806168989109796
1.3688182123455856
0.26418467140980995
0.1162973247752611
0.1422137799419842
1.0233146972605283
1.019671183756714
0.6182497487424022
0.2880441135507499
0.2876280536834336
0.3543081369189661
1.542964611285116
0.25153636283713054
0.2863566292679989
0.3048182316166861
0.2190304386275256
0.21738167118188428
0.1670430295330655
0.23090671218309972
0.39734838264715266
0.2210864815106254
0.5945829095972021
0.46886748983219606
0.8837003035899784
0.1954962574123154
0.13613943398225958
0.2694963838262937
0.2894024352496338
0.15847314569851811
0.18407172629150462
0.21673305664028986
0.4244542757181664
0.24191671870004955
0.30726236889867575
0.30469881563084966
0.3339777997095846
0.3102751446420201
0.18545213299692098
0.31174599052484775
0.2144300986191422
0.3212271196811536
0.2185260172169597
0.48363089332933157
0.2522797151966658
0.29174842746053764
0.40473127896558647
0.5875496099896111
1.1197733921829027
0.6661451112699421
0.1975577876493143
0.8916036004382996
0.3110612370499758
0.9472245183065438
0.6884707146158889
0.2221248753428653
0.6927779169442638
0.055090032850899
0.5458099820142928
0.07519215213711061
0.277859409393854
0.34193007633764994
0.13291590770664571
0.17318018900982463
0.1267088250994339
0.1623912080716378
0.38298816664848045
0.22753164067432613
1.0509954379964475
0.34809073039065186
0.1913521500605686
0.21764870079825574
0.0642063900010511
0.0712759286479914
0.24512368213425836
0.13059851368744618
0.27366789671884273
0.0811685805905813
0.3363717253492306
0.2453235678705259
0.3961570087458709
0.17710111002196133
0.1929049807585868
0.5515997871634568
0.095011426641331
0.29553199284735043
1.2235431185937045
0.4351750272585328
0.1484392562676506
0.3714809269330732
0.13273498609731374
0.27535864063932564
0.0914701523970588
0.11532045225113549
0.39592052255083593
0.14601897844173128
2.039248737298546
0.18125342402943914
0.9064907372872593
0.0927243992817799
0.11271307737701211
0.12653476442680311
0.2029892446122777
0.1688297258902388
0.3268825173454629
0.09780431749728469
0.1091609207799263
0.10038435441435689
0.0667674759165724
0.4268766650314495
0.35333583390689366
0.18043224334055702
0.3781041737319243
0.37808417571973935
0.29433337208632615
0.4000573962203666
0.24866638837494692
0.1941529866113974
0.2334378728779172
0.0973868972773855
0.4564928252232405
2.2386065371584403
0.18616904789246402
0.08910023435310091
0.09293386324940281
0.4639619065859161
0.129028771110582
0.9544653911512231
0.33345412144115577
0.10672085000957511
0.23464270798889458
0.2559438557782869
0.9879868634431966
0.39854195314264057
0.4759165250518143
0.24588707419551448
1.5892583459586394
0.09711659344313289
0.1343867562935876
0.15202537666554186
0.21613690717258832
1.9720346978374128
0.319313570792974
0.4002031702674783
0.39331200396990373
0.09202767463364708
0.5627155857909276
0.1400723521213304
0.43775254825892285
0.400143922511686
0.9974219274465553
0.3738806492946736
0.6782410009311894
0.0957754928746063
0.5093373664689018
0.1949460074425242
0.2106933500838387
0.1947953600107028
0.7308460498559501
0.1197251642304614
0.1262588938647243
0.17178338855535857
0.1176258639761364
0.26275986085459113
0.5014296167704473
0.3674412113210801
0.29998367498324385
0.4040658055091371
0.0387889652997762
0.16761219893123078
0.181226846696467
0.20089626783184905
0.097128524121397
0.37401677600422767
0.22141268991562235
0.6380421387818143
0.5693709825956708
0.16760056894554648
0.5990192673140913
0.20030870131261155
0.5472258903337013
0.5143436995221553
0.10979051235085313
0.132574006999362
0.46705014502461106
0.1312478010882247
1.0574248825926562
0.22288008086120614
0.28037951677063
0.31208832198833825
0.23832769010045118
0.3053305779949266
0.0714939370319381
0.22606033788696483
0.16452798014167208
1.1056621641364717
0.18285424602780748
0.14503470263512186
0.18683826137621395
0.9450289002790743
0.26530476464796326
0.501912140286511
0.3488451952728996
0.2524325380253145
0.2468006061257769
0.11183082204887582
0.26194802490193003
0.31117134870025
0.0319865691117274
0.22815538883810782
0.4436245708598517
0.3934612925980436
0.1509550780412403
0.1224964853568122
0.33606698746650027
0.145936762630003
0.19747163317595456
0.8011372790317084
0.2663080044912771
0.1406243473964192
0.5146661120051282
0.35775027966863476
0.2406663877979402
0.39321503545954783
0.46106235253747463
0.3082831896428053
0.19139422997326722
0.2907407479503372
0.6011244143525544
0.835438516648153
0.9834095968548109
0.3312324564705425
0.19985558521766666
0.30618128602102745
0.518858174683731
0.1296208293682369
0.3979860586382342
0.1681131071386924
0.21310058104108032
1.0787572926996278
0.08362441815551999
0.4325091256767046
0.09186365345699579
0.28700550487346543
1.0177197236212647
0.39560130845716307
0.18167074636824604
0.6181396093310021
0.4361532556359179
0.1918065083565284
0.1230561423143759
0.1397360380304375
0.6553081811376165
0.3354924758201082
0.16512306034948157
0.14797962991254981
0.4738776464090792
0.23165781389163245
0.23355754325280306
0.31147650448237363
0.1130559978008322
0.022868051555577203
0.128977621774237
0.31251068249357183
0.2647205955861783
0.11309852783229979
0.3990372125529414
0.19634120310396577
0.6545416660725001
0.14488062650305364
0.28629752131480823
0.0742945808338201
0.2805283985501122
0.5105614851196665
0.20339132610339278
0.13363707902244948
0.20416446184472514
0.23038311197690017
0.1031802139782181
0.2674571164287814
0.20818565250502025
0.17648720337790127
0.15202928872803317
0.4282355105979837
0.8167572823282333
0.3935441822400564
0.27926211861770034
0.2565025213058382
0.9934738328235861
0.25082775512153876
1.1390865970769162
0.2421558110950618
0.1568800979086385
0.9645281359517224
0.48509454496797366
0.0976413702772021
0.3874463905568808
0.2126602535356654
0.3473116252281423
0.1270629788207206
1.2772518532601127
0.08960058480176081
0.28123125621777706
1.0771831102047673
0.3861138532830719
0.28157490181346617
0.37894513091505333
0.5909803762382996
0.3113126607240607
0.7568523824204239
0.0637732391388695
0.0824275704353724
0.3244051155405271
0.5613073707307223
0.22594016361202152
0.22460427335408978
0.40738162162918645
0.6957301415147739
0.1762588279035593
0.119591733084265
0.3410091246669743
0.4166733885150553
0.6937737920425289
0.29228394272176594
0.8823805058692014
0.4297439313501402
0.451548224866305
0.180094775416561
1.73073780624263
0.35871419576638375
0.3330581278948882
0.278343581647851
0.23019882218589102
0.2672733578868854
0.16835913043579037
0.16050387458814178
0.18078349380136452
1.5495349422639624
0.17482694017438438
0.06871955644941999
0.3424976541034946
0.14625745561161482
0.06369921903598351
0.14987824136570188
0.0922167288654146
0.5705847839418099
0.7891777734183918
0.1633060950933278
0.1443615899615337
0.17707037949928678
1.0150342114021833
0.1410986611120268
0.37938540711583585
0.1658761004497472
0.1843195542051358
1.0484739407552248
0.11293411176226459
0.14156844629568602
0.1707889904767818
0.12498856299892502
0.23269362058866588
0.5277954171365906
0.17471024830813192
0.14398335927777672
0.24697172400181103
0.22309100031075912
0.3927691968122351
0.30069396967431994
0.045346488256979095
0.043293843700278896
0.10495563630321109
0.08776229335024101
0.23017699162492958
0.30896205682541433
0.3249186591065195
0.1127226498337419
0.3240606413838171
0.9872931457094554
0.19992368925929613
0.22238851176220273
0.0552542385914711
1.690065806238884
0.1801139225968678
0.37177010311993464
0.15112356301896804
0.26090679449619625
0.27349364386305475
0.270072826252841
0.7588181835447815
0.563766368894828
0.7981237226677597
0.1747052711815042
0.13728644486670488
0.5383554215385281
0.45633939443393834
0.8026400857133524
0.11621423765251701
0.39895376804877686
0.3172139303377104
0.2536035448240138
0.2839396511255847
0.22887345670828665
0.3608016564252403
0.12439818613373
0.30319327423172965
0.8707480416624928
0.35869432476862256
0.2204484386438279
0.4283000034924148
0.2544891588476982
0.2541234590759514
0.1176815251175943
0.30547210507020733
0.25029709109233655
0.13957236709332377
0.21591863958184065
0.3782354700904792
0.1887806372913926
0.22478694308604485
0.924141725204843
0.1658673199524913
0.20628088149193227
0.27600092764119705
0.18883430180601501
0.44758630621507595
0.33620040400564133
0.1577295969791067
0.1948312730359471
0.09184486580040459
0.0506419828205813
0.6406305732259128
0.5280519031904146
0.0522509973014468
0.16447833777170612
0.21777616464623872
0.15404174288762842
0.18153254401287988
0.38725694204143146
0.24112957289815606
0.5335298045627314
0.29631196651829883
0.29308557458674445
0.20754041582667385
0.17684699630470857
0.27865277311512593
0.8870974558466732
0.12766923637592056
0.12220076692696641
0.7109400915968229
1.1813570300327025
0.1550618634180846
0.3551418981018051
0.8738589403458066
0.19866582931453042
0.23542849778086208
0.5283003132534219
0.26668296526594615
1.1156617109112472
0.28985067265359843
0.19829917986707338
0.19362149680201796
0.29856192557125943
0.7083340878508666
1.378513495697205
0.1206064127838221
0.162189298333405
0.9488767577020998
0.17453383727602503
0.4109901278674279
0.628015085390421
0.27657777640927045
0.1601985103169119
2.0188574327607993
0.2389622562069919
0.3949518877521208
1.0903619003263934
0.1548218469588435
0.20809765934827823
0.1437686401567578
0.24964641673932375
0.49852086424119557
1.963880083012994
0.11293307576084272
0.0614482420103263
0.10671108301814519
0.069632773344147
0.3101291456197387
0.1895147115835451
0.099648583444055
0.13298105447054087
0.3179743209608327
0.31496230937954384
0.19942589712308478
0.24402467870206568
0.2031268257387185
0.19458933364111308
0.5018961932715034
0.22474827385041676
0.46985122572904103
0.127651043001622
0.3437209445635592
0.46097794219946137
0.2378296812381953
0.29380906764347875
0.069872998598521
0.18622053612096898
0.2834228244451151
0.36352442042371125
0.2696353971656279
0.6221132249116991
0.44610962224860545
0.40616189119398627
0.09817556803353569
0.4569452299526144
0.40257044331972647
0.40512444805279174
0.43669817369172315
0.29889981716513087
0.2280127391991923
1.0330524483158192
0.28085840102802495
0.24251523214177048
0.2558301158679661
0.08428536463929581
0.3338993098534134
0.1291209697476234
0.1864730251454222
0.17613800190396717
1.0748848845526608
0.21752025140700487
0.1742469703858115
0.24905932606666925
0.37652858749174417
1.8209981932672696
0.14710036688294165
0.17326832174526038
0.1879268881815449
1.131959587350468
0.1766824458663364
0.4384003082891034
0.1737111606480704
0.21253932298196593
0.21766966189684178
0.1662416588566698
0.29016614805577773
0.10332475050916302
0.18797119560107944
0.5020438723403021
0.3453686030296209
0.34998206006709176
0.2870825486599874
0.9319151971015305
0.061172716341667696
0.5455292763495494
0.2733183750479923
0.3684612630294315
1.4568899643094237
0.4215091876195132
0.3797065843178323
0.28959820848662743
0.08286384178870829
0.2679785771921722
0.1698635186351363
0.3376156630518119
0.1545199590683141
0.19639940761801872
0.17421157446890467
0.099226134011143
0.9420688503048815
0.1766364255740662
1.961150976078954
0.2024810712867438
0.1000579185440521
0.30883652099394254
0.14474405087275338
0.30408375414307554
0.5825166063377646
0.1778045324855092
0.1142693465984148
0.17887822313560317
0.9796360631699389
0.26639818548016175
1.3158221145642495
0.1571459910383391
0.3538416956330359
0.15337658901137977
0.34940695624240065
0.10894560236056189
0.21292853390397828
0.09626525090038421
0.0512614753775497
0.29392714835199707
0.37344967022443903
0.25169037501322084
0.8450450392811104
0.1770899642773099
0.3720364228273919
0.3071247220385969
0.3889109155741121
0.17642075702746707
0.8662382580865369
0.42144831486803846
0.1789905177575014
0.5047567670709435
0.11213198585951169
0.11294597444924931
0.13925807312265367
0.32056738134218943
0.871305383547893
0.1395734875280557
1.0037365404887097
0.2109721313032351
0.0800203237926501
0.155036486995149
0.2912542870075004
0.0745316115048407
0.2000999798267667
0.2978709433339464
0.32705808672949765
0.17517636618382398
0.17656697175442262
0.16537554926864612
0.3915013551183124
0.18815974398365093
0.1711935960549159
0.7849282046045145
0.15599156860319457
0.27702131509033784
0.3491841897254987
0.2765554991939956
0.20952392539005327
0.32005647545644017
0.1459126408096772
0.5068808825812253
0.39812596655715576
0.38247096961598037
0.3143235563940075
0.5514093245086552
0.5316654028909683
0.14508453545250355
0.41981634168896165
1.0719828200910093
0.5110046722752237
0.8996682823429952
0.2692787949338245
0.5456160928588667
0.1720209374104896
0.3201519927642641
0.549343101542648
0.26538223723831067
0.595447645678746
0.09046299330573669
0.28432266503105663
0.46440293572470326
0.5529677051091002
0.3366272361409219
0.31632344365025256
0.11816908666973432
0.21703274504411418
0.598291265555074
0.1113288575562711
0.3870094293137005
0.5593882433457713
0.19351880892323772
0.2983262748868263
0.2747018400400732
1.7427402399213952
0.25147687135254543
0.32735417898684693
0.1695139513259383
0.1885608662663847
0.13114177513306569
0.10921102481683818
0.30434955732358326
0.0849660432490838
0.615502169856713
0.10787164040840741
0.2738164290695364
0.8714731079228095
0.24166188258519725
0.1289012919591414
0.21320444619839868
0.29055328912008604
0.35072622263078496
0.1136463689385393
0.4736363568387315
0.2589561940847062
0.760398329094894
0.2341197702206461
0.1736837357066851
0.0794617301052978
0.12418091104149986
0.3846081815777219
0.11706184667293779
0.10594219127208618
0.3017904318216906
0.7410270099677131
0.3045444854898188
0.14582677251098108
0.41894874463449827
0.16398874134629593
0.38084702790142566
0.3047632041028913
1.3625270552030004
0.4599451115632488
0.2278599309085277
0.5773852738737646
0.19494303441001992
0.12184167096663161
0.083240263808564
1.2718343951642992
0.4536303685732078
0.2626655165751844
0.2495200599417958
0.509000724589137
0.6292080889175093
0.39694847372705927
0.46465687454367866
0.7529879944529951
0.26998753779799606
0.3076342147817668
0.146541007952848
0.18151519600632252
0.5416267978228315
0.2613715948288979
0.2711170691145716
0.20995354743689093
0.5099760832901034
0.46560274471155105
0.2134526186471233
0.18398508551166326
0.4123770802522725
0.4783397459321077
0.17690710702814594
0.3431477636597202
0.44665994405860476
0.2501590719509992
0.2769818236269796
0.1312899303588759
1.51788555297969
0.32186617709609205
0.23101549552383663
0.5603871997603993
0.1547633935567561
0.19306956405320988
0.23565316551777424
1.3769984386660636
0.0951852687234884
0.19533587542901526
0.44674524393257775
0.09231788211178753
0.13524361316430228
0.30409410166890605
0.32810925986183115
0.16255122663735233
0.1119860185831612
0.0651907658405518
0.15630809189201278
0.15708017570781868
0.1603642302712122
0.1210102464361414
0.1091150483343423
0.137043311969338
0.16431831780516623
0.09178897427546329
0.20213226474055265
0.0947530600300292
0.9345916346248163
0.24693525347660888
0.14379407735110508
0.7679474913252096
0.3288903717243472
0.20353922191854845
0.42349376556837665
0.41417241901129154
0.16298280144312183
0.37656495225375003
0.42229665563967506
0.34956729015052934
0.0449187427198499
0.0694501682212059
0.09874515088944971
0.09612009555657909
0.17763088559458035
0.1366416157385732
0.44990935351314526
0.18262948781469626
0.1417189858584184
0.1770941636750371
0.48779771762544666
0.252955632539008
0.1342250372503684
0.17746723692133187
0.3071730288124965
0.11855388418696508
1.053878028906448
0.1602892998065631
0.0345881445235122
0.14425840581201432
1.116389179149796
0.48932659385993765
0.818499729132149
0.1391409055997128
0.29366924251861953
0.41245472665609584
0.46794156132517384
0.14473945016753031
0.1758769368857848
0.26673346291505506
0.22552326685459373
0.360685670441641
0.4275656008670039
0.26600651464509667
0.15553011518129567
0.1144084939696253
0.4593951326884775
1.4479734335666472
1.8568324407665395
0.21424492416346896
0.118777248808831
0.22680959289192207
0.2337023100020109
0.1448503699029495
0.2435733835654479
0.40753715125071255
0.18871782517398542
0.6604380270338123
0.8236869782979519
0.3819044743048867
0.1287763130639579
0.32201575832701723
0.7451215804049295
0.5963150699929688
0.14848339006717248
0.5319075456612095
0.1578720291789364
0.3665359376915378
0.336455499822808
0.19516446798186976
0.2816086437847357
0.1126756153858265
0.31573029763906035
0.5063832546847216
0.3651092236864594
0.36229391265327227
0.2024849827034721
0.8031523153768063
0.2216727291190408
0.7085804872084333
0.23025031247635727
0.2387911344336086
0.16874260551153022
0.09365434845084211
0.5611565658037776
0.2578884663053138
0.2105609487793597
0.0999520407679978
0.1603609736725275
0.1142521797185139
0.5494068557255936
0.1727455067733456
0.5531545425737722
0.09007874830516491
0.2063213057342327
0.0522692679799199
0.1980400131935881
0.1671174521413784
0.2508816771813603
0.24035239580821413
0.0735916482639476
0.13598077680732673
0.026252889236389
0.1074944882894909
0.20331236721863488
0.27577819535606163
1.0455923214588267
0.11310289394898979
0.5454333341271788
0.2673297382746109
0.4498718455160032
0.1612267068620969
0.23245235670904774
0.1840671695807063
0.25813472065369014
0.1800689912454208
0.22553841478552533
0.21897004743499537
0.37523724349728643
0.8688064931115191
0.323402099925055
0.22129456861580443
0.6135227603289829
0.21474132631236445
0.2230963003410218
0.22154606892169282
0.6935975817208782
0.19734537442706285
0.3192360418346885
0.30298851077408284
0.149128481455792
0.27051264079308024
0.23521516252965644
0.08514298928924419
0.5207391770185583
0.4012359011493945
0.1513756761277676
0.2211316048438528
0.3150861519509522
0.22488573225006664
0.1564119603358342
0.28253250346994985
0.1741573457788715
0.11986592921489832
0.20588158216106223
0.18512317011179225
1.4434165235231275
0.28714527806180723
0.23250906788802184
0.2356999018405244
0.1766632191018857
0.1630448776671859
0.2094598318987504
0.14047928993496867
0.3224411302694009
0.8724163593196227
0.23405326194310913
0.5028080215704203
0.14092950663118547
0.23258867445423403
0.9051156271910729
0.1968461911568905
0.23176009033294942
0.1720381984683791
0.3237752250372833
0.05716955041533289
0.0621743428501042
0.3390131686146495
1.5519239393786004
0.056325871798150004
0.2753860851666067
0.1615405027366532
0.21569850947225555
0.10752327034372351
0.1048538269045036
0.2451198219696121
0.42042536197889546
0.8917493816926195
0.1578173393130195
0.0922906115013364
0.558177572313005
0.0821432628989508
0.9343545449171085
0.3620473029455466
0.2996961600198742
0.8852845949767386
0.42756512744941366
1.0478602854107484
0.3692224872732257
0.1662748590376181
0.1006444424305492
0.20939062371418227
0.09296403346879181
0.0757895333023606
0.4820587083382431
0.11645228622733111
0.3110710174207132
0.5762414033595558
0.5563320367931595
0.09303874199515638
0.2410797341626532
0.3166850435966735
0.1044491965670381
0.3008725455434196
0.46959691572311957
0.1943921140412809
0.3379578938579586
0.23062034781320423
1.1974450407509802
0.21706563861543898
0.4720645400650896
0.2020665826927831
0.34747568944375046
0.2169698293616769
0.2255491355793164
0.18346400548089126
0.32813601180168145
0.6672022190256762
0.39652535634310576
0.13560100577256579
0.3609622153007568
0.14338207157779628
0.1609741608824214
0.5413369714356795
0.31954985328539226
0.30935125314161444
0.0849492656483242
0.31226553808414603
0.2658322748415807
0.2593082134183153
0.20515487030278834
0.27746032337923454
0.3531694162105183
0.15163477122985042
0.23798855022363335
0.0451620136301117
0.1165480313264822
0.19349370251286155
0.933627658687751
0.28038952874723144
0.26149397706558813
0.46086635056780223
0.09184727550042608
0.11981422172126686
0.42634777636327126
0.8723409548203299
0.1180692391423773
0.8941124496995285
0.31004910251205314
0.1541694909414613
0.0740988262445697
0.2544176907399071
0.35844005421503133
0.8555852103984641
0.22868052582073006
0.3456336842970571
0.8794606709085602
0.2654567842055015
0.7082175185186708
0.30042318802256457
0.35057318712923236
0.1386692532442709
2.0027362794408763
0.5037080034512714
0.5537518170731754
0.3614019724743786
0.9529096632810461
0.0966078868970178
0.1613486019310107
0.16887844384897288
0.46727914216077554
0.3224542105648475
0.32800220458919593
0.12406115850685599
0.4152197301044665
0.353304179756177
0.1384899419208472
0.31560197267627726
0.09045187964009072
0.1640570762905909
0.1564140309021052
0.24651082498574983
0.18110169328208062
0.4369633646053984
0.15236750883985561
0.5787614833784743
0.31948324765195957
0.21827375553292894
0.228442896233024
0.2772640516444706
0.21202063898851403
0.4458213816412338
0.2891607704643707
1.3344557288997203
0.2647536635198834
0.8647327894794277
0.213390088080379
0.18439078451096735
0.834443386411352
0.10035038760700779
1.8885156574124529
0.137931542974663
0.17072971082068697
0.0444217965458087
0.14605262184150403
0.1030455689379916
0.15207720843485598
0.12235649570259641
0.26436353687069114
0.8417202569213545
0.16184701056187617
0.5795907433585358
0.3901802133160704
0.1613954787259299
0.9733496006575402
0.1252071281186555
0.2157245663967264
0.06514527256146
0.12462365563629028
0.1451732895638497
0.12158297349942157
0.11126764024320031
0.3476171909988563
0.41061015498814246
0.1492967089536743
0.1046506507095615
0.1389411115899307
0.49293180982089263
0.13444646305430638
0.33800820622375666
0.30587126000177955
0.11192440064006699
0.1389076774265349
0.24232363362904338
0.0863249561109823
0.21753276057581147
0.24999176683387758
0.3531618644593744
0.23596169608280726
0.5674813267668268
0.19660571182315645
0.1929345859212902
0.2071000901913394
0.26767879191049104
0.1629533478942194
0.09766544675665281
0.1764556772964334
0.362872755440591
0.4091162826132791
0.12672520100815549
0.42963144843471357
0.07443528111695182
0.1114832824831047
0.5075769202140645
0.1287277422772667
0.3804229797503715
0.1046771331477825
0.10053748471260487
0.4196374112337101
0.1472463057702976
0.1098917993971229
0.08456810974096218
0.3022770343685538
0.5043846527716528
0.592991005381858
0.3793563237803308
0.1425409007609738
0.46030707499562884
0.41710448255996263
0.10527522124570929
0.19941643518564495
0.9444379538423977
0.377411438296256
0.4980625170077275
0.2221492185221164
0.1103261517946347
0.7743043174330684
0.26204392142276167
0.19727093188177341
0.0791368385256879
0.15049442616692488
0.09927735812285349
0.1932459824153414
0.1924627667684376
0.11172081442649069
0.2080673098147824
0.1646133544556012
0.17759756476104302
0.5197069549450761
0.155741169036905
0.26266908980590786
0.1378173475537633
0.23275559888915465
0.08336295999997549
0.2598412603043778
0.15931742787109254
0.16114836163156668
0.08477782840323761
0.08038566734096071
0.3263790227371318
0.17700693285784952
0.8981240925928354
0.3191631251890694
0.17299639286793822
0.19375006940481648
0.028147125418965503
0.43913978613480437
0.18324462255366158
0.15303941671093554
0.1386764131110696
0.13144648946067627
0.297193100124071
0.1339351040969398
0.0839551720994719
0.21687043128100944
0.1704733333632945
0.0740091828337226
0.42127306234162853
0.1990239085902673
0.19573703970877562
0.1136667880380694
0.655482594145816
0.0923282484940319
0.244535151761717
0.5447145648779175
0.14744395333174237
0.22751474444072364
0.2240200169179867
0.5305500942819257
0.152914778174237
0.3232902413503374
0.9781272498257494
0.08233770983253601
0.1672557909668222
0.1447196948778903
0.13828173614852599
1.2765535344725936
0.20006504662157293
0.17058896810041357
0.3399443787065675
0.18976414286626087
0.1385307766223776
0.37249562809162773
0.14160628067548559
0.12819754343120812
0.7904985101224511
0.5076527423874801
0.986140194997321
0.17182341955791638
0.152403059792809
0.7541447968227752
0.23010855984899553
0.13338243829321975
0.5015053833355544
0.22908772302927966
0.38918135693772227
0.4561126593059268
0.3100888899068803
0.15606939443601853
0.8563662746904875
0.1170144529943975
0.2160067081703164
0.0912090571894868
0.41903792437092
0.4578071169692352
0.22894362080631311
0.25963547571849954
0.16506405546907632
0.3965659935037652
0.4451977864608033
0.20774885696052353
0.24112756432114074
0.1274866557363998
0.36198488434867543
0.74388841043148
0.12025084132187688
0.18252034760641211
0.0918022613782062
0.3624276729454077
0.17792225735024786
0.22610826438037362
0.12060980233148821
0.9305797253914878
0.14488204389744141
0.2687487067428361
0.1915922609222281
0.56250331530045
0.20809785876596626
1.0010243775700212
0.09978678855431639
0.3807820194072784
0.26333559967638914
0.215205346955368
0.24617495918029503
0.9423355036080882
0.16544650295455082
0.08512754285602989
0.22903800619489065
0.24378749979908965
0.49475180720414247
0.3344699550624532
0.1523978583886015
0.1203805248372185
0.10428759404601888
0.2254526556189358
0.2960698916457486
0.21180205704452393
0.1656347620701503
0.1602537221104876
0.32553963147657516
0.24449108760376195
0.1653420065750732
0.884500911191562
0.20375712304729582
0.6822946820642577
0.4357592818961927
0.29887458478233064
1.4231279563065855
0.152844417436973
0.1400490655784209
0.05488496148953379
0.45986796923090756
0.742463881860731
0.4729250210497839
0.1825690437306913
0.16647954863691297
0.2599169863691543
0.29106147933982535
0.31139415009090454
0.31734085004950063
0.45618163224913977
0.22080053178433928
0.3483524911200862
0.20659112154250867
0.5958721390885363
0.34005892817126815
0.8568368655437786
0.9124224074880123
0.5174832129224599
0.36733633535273114
0.43265261821755985
0.34073501539473355
0.3901242345543299
0.4532522149147172
0.568028760403144
0.21880397988261896
0.09796201316283187
0.2611044516736263
1.7428837371034884
0.10512877800909451
0.24054948188232428
0.4485106840148735
0.11453795576152698
0.3952866646977536
0.7994497318028034
0.5294653820145273
0.2585607962389294
0.16069223055373968
0.13025287657793153
0.1365849433679032
0.38155834202807226
0.16816924142093198
0.7731457500690129
0.23656997778634423
0.30167910378922874
0.28691283507823606
0.26331804525170455
0.46761948982711266
0.13307014664764796
0.2725825392315143
0.5022145244951177
0.21423806489914948
0.38852664545892424
1.0077838406327644
0.5679187394574301
0.0721675831888689
0.09999080152382891
0.5531465501201049
0.2798912027183168
0.48400250899728936
0.1750805998465738
0.4031575569355359
0.2709890831497388
0.181217795250055
0.16198006803003379
0.26140410063921476
0.11566616317090686
0.1272047740906002
0.31648701966989895
0.1608712945063347
0.44112014595847177
0.2556467241814696
0.25711224355551104
0.28650941869413976
0.6254132577699666
0.469644064510946
0.410409005526426
5.3916428025987875
0.44838229908349725
0.1275102213082915
0.16834504078976176
0.48218067647225915
0.6786502388670401
0.3657322586935602
0.4836923430522239
0.12417113030371123
0.32607766433640095
0.17102023206874378
0.4516832995542098
0.32992561387548874
0.1071650631803758
0.11575621568330641
0.06801548596959969
0.4811240182176082
0.13008518983814552
0.23827623755417482
1.0850927943948365
0.41998978280578214
0.2204117341216737
0.20961987266518678
0.2084953009172365
0.20313595804099482
0.12803516499414938
0.836587800625282
0.3021120458216452
0.1114271460171964
0.30361418099677995
0.4530608803111297
0.6073771304123126
0.2966374882770627
0.1759080393420409
0.1267837158626188
0.6747848569486787
0.23448391705113306
0.08349304367425131
0.24210848953794983
0.0788163195912258
0.058263051492996196
0.9054857922267195
0.20884811662804553
0.7312568337497807
0.49513753377383807
0.3867019866068022
0.26579089574762177
0.4070870114879616
0.0896085692261747
0.43680681715826863
0.2817536330741538
0.5080144942908724
0.09834092014366842
0.1997428244984084
0.27199596992592856
0.727099900824719
0.4991346342775007
0.42943440624319706
0.18479562261715965
0.2822029149959728
0.4139847021740676
0.8279913305867879
0.22128479676582738
0.1266897244918943
0.21998450354414378
0.08144520803904459
0.1653058957197177
0.1667120057210177
0.41124420366800235
0.06958581323381849
0.16030682977256366
0.1279499708738288
0.44692570440705204
0.36301562938597387
0.3230595497807655
0.7676832023189281
0.3498054184472674
0.19311005614529472
0.21239967738059
1.8151438288874169
0.519313576522408
0.10236638041618851
0.21488528988551203
0.12096892552571559
0.4829793197902658
0.0555675125948552
0.4539483484865402
0.3280282198476373
5.508412851205924
0.3321317230424672
0.422320462043891
0.31933421571359494
0.3684835574390607
0.36340704363570225
0.12835098517270832
0.12796489473560888
0.18216778789490826
0.24506570826582463
0.5013152668275864
0.6821868113459156
1.123504893925826
0.3952295810436232
0.2674917739185348
0.3372374562291919
0.30884505679211655
0.13590972790311434
0.1484043007165437
0.29216358881893334
0.1261927433208243
0.11707048664074342
0.23903940488386494
0.23165111670000857
0.1076568051742458
0.19971579265055445
0.18886269292463806
0.2256057825890579
0.37497169458765983
0.15050028338156463
0.452729893916662
0.24064102284738167
0.1387621799437394
0.211751065608859
0.26203282267769035
0.1640951485856092
0.3182104373181821
0.11119213148922338
0.21416783000632494
1.414888820118594
0.4262128355559628
0.6023842205567534
0.0716727765146397
0.101527238760702
0.0643362174192928
0.0445192265333181
0.09962808520314319
0.1999260662563757
0.12554596049690367
0.1368869939074704
0.29457711489200233
0.2211288902981033
0.5962492283293879
1.1257673477732026
0.6612486804314128
6.278855180592699
0.5346417765755229
1.1743122800694126
0.35097559486704416
1.4049355522807334
0.3678092546465814
0.0756081863325184
0.20335852740532986
0.30312394987549496
0.44959108846247164
0.0976734679883028
0.12793664771871097
0.855409772736611
0.2752094739185334
0.2282604229362048
0.3098948154757202
0.13197486702782696
0.8455997232805228
0.4490336169821093
1.1581102706490798
0.3825639461693551
0.5929328643711358
0.2276927807561977
0.44050446593300907
0.18626119363898325
0.28527733736700034
0.2097632053070677
0.1887112330388938
0.07500986503933611
0.41815663960202265
0.6204190337722065
0.2485543339899003
0.17986160734424228
0.2696136608942733
0.19484284535327207
0.2958503550037958
1.9145807076907218
0.5376561481397166
7.436884402045955
7.555609212114512
8.165740433827471
7.920460664959463
8.268516899753537
8.5447166426477
8.44633926410813
8.697591533417123
8.699600406334964
9.198046159407223
0.43377192914844204
0.41036331239989954
0.332556337329068
0.35412311003251407
0.7126506409666109
0.18117356060677492
0.3254152070476433
0.507481898534577
0.356222789790938
0.13725929724951239
0.20148004518550655
0.16871595118766003
0.2991249883064611
0.3465503474472004
0.1828186950286595
0.35894863311210534
0.15373702311044826
0.832511488130197
0.2963561687415681
0.9061925052884781
0.0445377557942815
1.5402006507408106
1.2877729279378098
0.7329807222343916
0.31821339841874985
0.43121092010695017
0.1383428975529102
1.7759491191854453
1.2950386865061143
8.776829660389456
8.770850935681663
0.2617461631128128
0.0887387162385854
0.15735465783554498
0.29843114065569476
0.8333216344178185
0.1442718741266047
0.3326183589028812
0.193353890699782
0.2375919943622367
0.3576360568445631
0.40770523157634125
9.172494352678529
9.059363322023017
8.865706032310523
0.43123138460722726
0.18698448813615798
0.14391366514363557
0.17456370087632256
0.8046460432366849
0.24145010261950742
0.36556236486781757
0.16319044849750527
0.1843484531487358
0.19247366258058307
0.2675973796370025
0.2609521656328054
0.23757127818617446
0.16585858562180134
0.5257394444483644
0.30141851038405765
0.37581975110388127
0.1699588643880411
0.1272873072594806
0.1539487557472839
0.14090814700836418
0.11616360041338299
0.16231155482291268
0.3923404552905677
0.2079400191382838
0.1656123097539
0.20812118104616664
1.1570934613706034
0.3442305278277662
0.3439350867601736
0.21331834670498506
0.035920013730505004
0.2407713833483765
0.2061808285105322
0.21539450084936063
0.15991103661549397
0.18926016959696268
0.1388805703735187
0.5422748319881665
0.33450604914633625
0.1874969115537264
0.26185031562367517
0.0958484194269022
0.059531511142839895
0.2267191808550624
0.17679593523004378
0.08860162055308866
0.14615437561651748
0.48219914791119145
0.3172437265900607
0.1393312798321726
0.8592533493137414
0.23328697936503578
0.20183525032208388
0.15272256893417818
0.29276941563639736
0.5954572641178213
0.32972340672565864
0.1923289719068257
0.2369352663878142
0.19757335210525206
0.1898065293016301
0.36467180167826874
0.2522938966136229
0.20919037024116607
0.09456255103406669
0.16060925163842404
0.2143104887403847
0.10293192305940992
0.22441337540132303
0.2140440994233498
0.4011691317979673
0.1488045083194789
0.1300424827990423
0.5098996664796266
0.3295364604333061
0.463293099617489
0.1062742758578609
0.32231473811821953
0.13197804325203
0.13172949916709228
0.22614659539193743
0.19556630179022017
0.258900995537119
0.13616472963058668
0.1524163719388239
0.42883427602714963
0.49630820127941533
0.12504264908805152
0.2552638742723977
0.26708708059758457
0.21215809647425637
0.39750829597078474
0.6939930174344618
0.28531224233889685
0.1886526907258368
0.11994283418148889
0.22060997988276937
0.1479518337044646
0.14907220960710463
0.2244213781595886
0.2285762415883239
0.2461631292286457
0.0934191529624411
0.3036973370857313
0.43488933645183014
0.4607381612561633
0.1779278379686988
0.2043331256253716
0.6581490326487534
0.47278429423162055
0.3217387349761114
0.1742349911166579
0.22969554002886644
0.1500195439099166
0.1814604239451054
0.26877447575061675
0.1888697377439399
0.23545747407824968
0.11168410466698839
0.7203943710456717
0.31260866033839474
0.1616321638660355
0.17522512072936147
0.18489024848848817
0.702474179234347
0.3969189675014437
0.2120654347288738
0.19181155320740675
0.20349730220564893
0.1464797151704823
0.35978863765363933
0.0870283462357131
0.1731322220066165
0.150018793048365
0.18514112050585319
0.27237605977912377
0.8025772534162131
0.2750546440851831
0.9855209144702946
0.8236764167679548
0.20282947630711612
0.08537902663099481
0.1030425741557646
0.18897366844044544
0.27260029322684715
0.1239359667941211
0.766824042170827
0.31795194629892176
0.42852097146253854
0.10330415878931971
0.6259371630610092
0.34781740866407806
0.2338486627504915
0.17886163293045348
0.0798892072332649
0.4801396979844834
0.23805812974013243
0.5282269682219998
0.07625627512608531
0.14750869186999938
0.18949614606875342
0.1339191343142566
0.12413888950419061
0.29968933329619113
0.27979387791255433
0.20508192262463773
0.19035963875825823
0.1913803595114084
1.0724562408500415
0.14168766787017423
0.18495922690575733
0.38734463454990464
0.15874802937087282
0.25350224173392893
0.1401684240765283
0.46065494825099107
0.22000094560488334
0.2869668032595872
0.35960625854366524
0.0749442913976511
0.18198365306126346
0.7199450010446461
0.22139104482004462
1.0774482531481744
0.6769426423688978
0.1238996464842199
0.1210169017640589
0.08139990161017881
0.07184199150516352
0.19105143728382157
0.3845290555986235
0.06328952038271751
0.2513725798312158
0.1259251273568105
0.13269486578752418
0.274639910950598
0.4541706528186981
0.516562720590978
0.22490289119288992
0.19413206718262702
0.3908062506521591
0.1130151963618119
0.08755067310846068
0.3151886466752488
0.17694416760869597
0.06980467294034409
0.19539816997106624
0.2436660015248769
0.36266859953799335
0.06896124300503101
0.22822308257519067
0.3448585162948248
0.5915454883913269
0.1847962237445121
0.4494412814668247
0.1007251023541865
0.7378846659138116
0.3408684566520684
1.1188607206942232
0.1003910092699314
0.32045076264330974
0.1639122298775289
0.2783886047573482
0.20481865691476242
0.1634608022547767
0.5236319230098718
0.195356740094865
0.29123808936445117
0.2131839310322053
0.1653358454602787
0.6862090938181087
0.36662754562601346
0.19760945227261673
0.3652114317005745
0.8790587759100054
0.22238464416379436
0.15742673899272466
0.07406387886527599
0.838528726312458
0.17662547660807684
0.7872896222730884
0.8015775204455369
0.1203000648631245
0.3840042005194354
0.5240963403165875
0.7152559525709392
0.7411857379243217
0.4858894059432831
0.37003656316326505
0.8957937889937879
0.23624725845521355
0.203115615839697
0.4613213052310707
0.4131473365607733
0.13581398168574835
0.1576295003631721
0.10396710401670861
0.26585028336614935
0.0922999680017638
0.09495072454968209
0.3781095643169469
0.37945791792302724
0.22359030989296097
0.12139595763358571
0.5474181802077481
0.46887196340027026
0.3203354388614649
0.20209227583697337
1.1237933425572482
0.19147122252403243
0.3449208776101791
0.0640242178928483
0.3685447703639123
0.15421844291074321
1.2445157826103392
0.3879024666027081
0.12258846607807661
0.4505155970806202
0.4397454331959409
0.2331970819455275
0.20726966135021932
0.9570490733399972
0.9018357655894654
0.3467188404736921
0.32314777153187724
0.45473146521247515
0.17795825487573758
0.19549651040965288
0.6947641663931807
0.3153569919410456
0.4170221978628086
0.5557846663625086
0.2205781619382683
0.2476916363158973
0.1258795765683353
0.3310547810254486
0.08342859511667089
0.6006759680586429
0.1543433656475109
0.4023216084697758
0.5169888412334228
0.19075184152339397
1.3646020547416509
0.7387300676778343
0.4519954271565103
0.18029426242398058
0.4050773467100356
0.1028962868954981
0.3649765236772005
0.6442537756068396
0.4449426537993416
0.18433612376909292
0.2565825472637239
0.3971031027793569
0.21197549894494286
0.6552052564268599
0.3270727326526131
0.18433575045496745
0.1739748473983012
0.15712752433957644
0.3016909548443183
0.4979303609507797
0.745968330319746
0.1275139031852785
0.057286818595269996
0.10910005921586419
0.6582049957680693
0.1547676227347129
0.3376925318868459
0.30359727590157054
0.28384912050530653
0.14855659708990698
0.15662320503030863
0.1852819642663393
0.5467118537408937
0.4981176108664317
0.2753072209508727
0.4138199746544436
4.563775207029875
0.1476103507001322
1.409978668621104
0.12893130150448742
0.6524770277580242
0.5682650778703562
0.3684576013690533
0.9096244501342171
0.19307127871661772
0.0609782687990726
0.4292675216651928
0.5028465022805347
0.1530637095722713
0.14386823221077039
0.1402348392254617
0.6415032201401215
0.290051448512164
0.3544539127173072
0.2880691363685808
0.1921123860709595
0.21899522291967088
0.1390949244928035
0.3570402745288006
0.20272312482748928
0.20329335276313032
0.10968805156833959
0.17442032461892243
0.41076743671938465
0.2058373545127905
0.4166395641366313
0.20790728993426466
0.7034602322822089
0.4292926114526937
0.5788633780693815
0.05974444993608061
0.12160516741409208
0.5067732851447876
0.28907599284634
0.8902081546540885
0.2884054180826535
0.2667663210632115
0.335977369493633
0.36975802758255877
0.18859622960461683
0.6130813598411811
0.9117054662113436
0.1705066390322542
0.43509581286551363
0.1856599746841776
0.32576549566883906
0.15495637936401038
0.1184902261402479
0.347362595846842
0.868217168308804
0.23893427108687632
0.24644988730396267
0.12090836911553751
0.6097351404614311
0.18827870770146177
0.7863082631859412
0.264307037713307
0.1384260058587515
1.3625956712069398
0.061563452753854095
0.26132399107416965
0.30506810154237907
0.25460179199818184
0.6638862160734527
0.28297511780859064
0.2380597232444165
1.1430909772375852
0.6968677696436698
0.4403074669262257
0.27167724543953964
0.5346960188367154
0.12441747736170841
0.1412276959850273
0.6328493118372895
0.27422958328589064
0.3288749561362265
1.5751498129100856
0.28666579595546904
0.1743755263017242
0.8626750288458397
0.394687022251334
0.5582704520147499
0.8903687785423448
0.182172263847912
1.0191545134798918
0.5444237360069529
0.32222929962030405
0.32205179208457324
0.3481419641061877
0.27681264365871444
0.1491917568206864
0.16881137634269838
0.46925548667734795
0.34080875927159104
0.1661320745080818
0.4268326262208666
0.08234655547946709
0.1659182028991527
0.19062319890013457
0.6734761426239307
0.15879953495086002
0.6372657969135015
0.21913521912976933
0.1328537349149935
0.4200756671801857
0.2907628614213921
0.0806502448304102
0.27258188247779325
0.0421164061386171
0.29793458341115914
0.9161981731820668
0.4383244902503023
0.5808292369967845
0.2523801902107229
0.44577091954719933
0.735530398164891
0.3114450054054767
0.3701736310499263
0.5094706460330651
0.28452136449349236
0.2586016918417596
0.651671941464067
0.7907997984320019
0.22696347358937108
0.44469250658872617
0.764638543613463
0.7072218084577007
0.24323049415351125
0.4808188468354222
0.4648710048810881
0.21868380906610502
0.8569845330579184
0.24215129355866416
0.5144362364822634
0.47058141185346675
0.5254194720122569
1.0905538534449355
1.0987093946564115
0.2484705397501727
0.7703595034007984
0.3472839160545934
0.26540093914759477
0.1239543338137295
1.53907532356725
0.2052384195729335
0.121067319407294
0.20093825624375383
0.1638021384809913
0.28830101582308165
0.5698844404209449
0.7033871055813643
0.3647065816614306
0.26480699181318357
0.918055033954077
0.6682357350771312
0.33945743097010206
0.47289773797870205
0.325228559043985
0.8634662281409051
0.5612601099599088
0.3931516214536442
0.46474283573938474
0.06470666222249011
0.30345471636479554
0.34656767394233834
0.3755070268900138
0.19853497013518828
0.1994693715627366
1.4630993837669586
0.0987761642779375
0.4036378113763416
1.0331193399976346
0.1603616266044782
0.6272282020387779
0.28193908238664234
0.3681182593660979
0.15745290044329452
0.3759185709384046
0.5356480496124743
0.23479236460285197
0.6206486703151399
1.4393749503458144
0.2159671505905245
0.10028958077148281
0.17694284925186635
0.3715418890400967
0.416068906730114
0.1782487920966394
0.8329194667382157
0.35307159089764284
0.43459504108569746
1.5530902597799416
0.074065633250117
0.6492886859710406
0.445846150980846
0.6168225758746556
0.2027249411213514
0.8181750907857179
0.31762571216139673
0.2412401295577064
0.3139798982499006
0.3400595432173781
0.6968890544531521
0.5389211192300989
0.2869798381652967
0.4040313375476354
0.17373705499850572
0.9293912922760977
0.1077687736761849
0.1612490581536323
0.5123038623418941
0.22126408963142838
0.38439464058474226
0.5706654357621941
1.8849020144839224
0.19223613208165002
0.06631709692132211
0.6074511974878747
0.3727111787395417
0.1810902273459315
0.396911716819625
0.28778736668655647
0.19936497102733977
0.2761586724497383
0.7945129602252192
0.345387190622959
0.35313946693558945
0.3055941097463777
0.5203257243117185
0.16405115176557278
0.672662826644076
1.6629487904139557
0.09278322849636542
0.7365321861413272
0.3221264564758407
0.092335527651664
0.3687920358266506
0.1080033570222071
0.18809447009256153
0.1225591318535694
0.45667881712797775
0.1211558979608766
0.21908826105043222
0.2274748513175159
0.3650498566192856
0.17023865855509238
0.1172061509586253
0.22497959875921078
0.896105679900748
0.057393678700350295
0.3352285979846844
0.082362225807154
0.4356865527668525
0.3354978828077922
0.0948985842260058
0.37943511944947594
0.22252144484998548
0.17996351575239009
0.5069624349117345
0.2639950217479841
0.12055161880668912
0.2544881150906635
0.2506390698781613
0.17305484315698838
0.4036654789135695
0.42255673481875944
0.35673946673449264
0.109259794165427
0.10097466313701661
0.19314503473520786
0.31724795665472066
0.28134913685904317
0.4797741935981765
0.13282567479654184
0.3473565328220482
0.3875085667163905
0.41057615632303057
0.41557479623607374
0.8395307766596044
0.09754368069765361
0.23827681768226935
0.6305774043516303
0.2786178415426291
0.12003754321282772
0.1177234980850416
1.0525803377283949
0.33115227601516994
1.084991085228193
0.14611535858442432
0.2591074301504923
0.4266215897094139
0.6114043829567061
0.4479935251799392
0.2736796467057925
0.24870155316019013
0.12229573017376952
0.23393301358623989
0.0914920349540314
0.23421266299020088
0.5425417489713771
0.33273554417339857
0.1724563800805813
0.4913381322114931
0.5512766060763435
0.17023957270017875
0.27575907308073433
0.26601569503726424
0.35430296126697247
0.20617301775859947
0.23787080211508704
1.763960084097557
0.185837227089662
0.2983152899740766
0.4272945392649591
0.3008308566293131
0.1296213780123265
0.23006323921803537
0.1154206578947394
0.6027633406657307
0.48504746095463647
0.0769324448409455
0.2860516423349242
0.18285438606347978
0.3905347261214188
0.5480384938218857
0.37215013347943937
0.340117717860423
0.2215763855004581
0.08980416201323321
0.6077003740117501
0.2391085382666288
0.9735705304132789
0.307110318472122
0.27971999410347115
0.2993199788333192
0.21429880991358352
0.4029188326643946
0.08168254245934212
0.18830261112420155
0.20161861060574257
0.24154333015558438
0.1421575861294426
0.13418291708909622
0.13892995414130294
0.1984165891872474
0.9621879856999854
0.0837048744242189
0.39803097008243493
0.29153958615204834
0.22115119143471973
0.6329490956128643
0.0421631415835217
0.2353248622960029
0.2862933500951278
0.24666926356797397
0.2442375158192142
0.14060207993279283
0.256729887059842
0.22285162711385303
0.3103941516567659
0.2854461786436333
0.1310403547275854
0.19784052309098635
0.5419690108165199
0.5752432698953702
0.163531973314297
0.5718693790051875
0.6643435053084095
0.1360667467812748
0.2976137645242721
0.33652280757290925
0.9996221564349437
0.25136687614025227
0.392245555389145
0.1561108615010602
0.06280586926982251
0.2220202430536235
0.38461759025403375
0.12641673856552477
0.6446665390745816
0.08912314358377639
0.12857273326474888
0.5272744555860751
0.36045444658777215
0.35584840914253846
0.3060931112301088
1.3718556553710428
0.08449512468036889
0.0565106792761262
1.2070429830823275
0.10252403053031599
0.4131370492135578
0.4611156440551786
0.2887600223653548
0.3003006938049884
1.6183773349503863
0.1332376083878648
0.1809440087568237
0.5131199281408011
0.3733465900242069
0.12630673886198132
0.1919105483274746
0.10398464126915308
0.24028653425364133
0.08543470555121829
0.20979344776918693
0.3038760859505764
0.37465574360683734
0.10528301883257157
0.6875893308678165
0.1611541999667475
0.8203019728566282
0.3017260788289487
0.14918901817444258
0.3880429817775805
0.2917379426874987
0.23258427945621363
0.2808235578098684
0.0452631516184282
0.40553050531572726
0.12439259592183399
0.161198330438167
0.39458592535518383
0.5630938330794947
0.1601719222033149
0.2384799315357897
0.8721404694000474
0.2128391948143782
0.42996269977681584
0.530908972981232
0.7170578634675381
0.500522970004591
0.21409711791180125
0.3950583927091508
0.1490431280731483
0.337075782920573
0.3029771939875866
0.3127346527376389
0.11870991309807094
0.8925493826173453
0.08705692398484739
0.2772255359549825
0.3964938512245027
0.1394652603195876
0.1875997869156932
0.46354503429814603
0.2471086011719778
0.6598684497160272
0.45127312627227173
0.2893869772285763
1.9345251584004641
0.3646481387168505
0.1381133698433086
1.330783929454726
0.1924707857644054
0.09512853595401641
0.3188630798716929
0.15386942255458283
0.22719668169958712
0.36776585837003517
0.23614276696067948
0.1663813375372517
0.10682810698352001
0.5284814332179748
0.13250493787256412
0.0388108840285473
0.30810041288274215
0.10478856145150671
0.2760718908930935
0.2603037064297084
0.6994596384201425
0.1418291618092877
0.13330011315412443
0.7339363606765804
0.2261075530467291
0.41252218494596704
0.14578355949157168
0.49131694157440975
0.13051784114806722
0.37129729328299854
0.5290846665810326
0.2311300083106986
0.1522627368888431
0.06725909790238539
0.9697465803189003
0.29497850986359536
0.125759514728788
0.6134663075204786
0.05883815412179551
0.2631916255470599
0.6186563700507893
0.2749616634177015
0.30286930096838804
0.39357728581902907
0.045278107158107796
0.15268987531258288
0.1953221997789504
0.3141371616226667
0.24281147325643304
0.23267319380167004
0.17187614363111792
0.24636618927291795
0.3633045780404591
0.1289877840087243
0.1520445162424019
0.13462314917141993
0.7665733351946981
0.8243425797195505
0.5827933260332924
0.8368518071003221
0.8591626551914198
0.3403353317994
0.1306242569147322
0.25114369595473485
0.48106156649862114
0.430825136080737
1.449492558715658
0.11377290360070741
0.36310259729389127
0.2914286495851869
0.1992368608865352
0.24581674593355457
1.2113716142415782
0.5042464924547375
0.1768514773940284
0.41106303653714515
0.1719206662279544
0.7937166454399625
0.1527267542828601
0.18520082167816834
0.3547866873948278
0.1021175989447992
0.848679651614946
0.22491624835847207
0.3451171694280514
0.6939426696367594
0.18209445885663086
0.1947104618814057
0.06447647171108999
0.11194332062212162
0.18118135066270002
0.17018718528222018
0.1992260704110631
0.2048732908721078
0.18153162349450952
1.0380109108095712
1.2269612036391435
0.16364135589336837
0.2335938739756544
0.23167248789428024
0.34976823417851594
0.34871497822789677
0.443743937944373
0.9386635266229962
0.13495314773514122
0.1439448794468391
0.1594851690225743
0.13283618876276532
0.3287749402999717
0.4466296290258266
0.1968870473844659
0.14473971479765418
0.1712065630270171
0.08294195674795538
0.4228588116508872
0.11862072893504602
0.0248452803840771
0.294046307391174
0.3090451804848763
0.33744408304125556
1.007000937531791
0.33408001568569656
0.27517828092711144
0.33031870052979534
0.2296466908604472
0.09547220599109439
0.24646573722108556
0.15370772234886182
0.7054558616396364
0.23634522762911733
0.24022790518081177
1.0319037039519983
0.11222685308776371
0.2086899442630732
0.4053058588892595
0.1372044139540469
0.1826178088787421
0.1350441815057473
0.1686289285846671
0.7073342528274634
0.2578767868282731
1.5700189617617237
0.0629130244049211
0.4126195618445956
0.5750086860121363
0.2849931837891089
1.0703557250921585
0.061579713169790606
0.2414002277370223
0.37809212725837726
0.21789708523018148
0.12384126045514009
0.7119233918602844
0.09924541009040448
0.07666716717078069
0.20658164921247468
0.1415353706224497
0.29942315454596785
0.2568980696488131
0.18506443638472408
0.35912824974627233
0.0735739032216701
1.1032374160289589
0.24394979162343156
0.1364201047856857
0.0634042451513508
0.33855187075177445
0.14387219272408847
0.1920547568693105
0.193163570995307
0.6496674147690854
0.5330940882847063
0.1666732690327351
0.22409291011836407
0.075225177178309
0.5439846513872387
0.3412589559168718
0.36015889181249117
0.1166468304804972
0.2116990363712508
0.0686651883388806
0.2596663955294815
0.11643008778506247
0.43577898443113083
0.11153098474316947
0.1826143940280981
0.40322042786724993
0.21600652656970915
0.1328610311075859
0.1530927849693235
0.29457374096780914
0.16462512260565726
0.5781711875779864
0.43161948086724833
0.3705943708106165
0.1266034385258629
0.3181332462262235
0.35441106124896526
0.0902092344415183
0.21510112648981333
0.17766590941586038
0.0786592379919613
0.4861511394991913
0.0900826357697228
0.0841267566715485
0.20580985894985374
0.15416878679491497
0.1558713916723391
0.5276416298430533
0.35312283836377417
0.3638943996391403
0.8265410679184511
0.7222048152515147
0.4240185292661816
0.1849139596511166
0.23953528281790235
0.08762455155832502
0.4226174604139835
0.3722216235243098
0.1795893434168248
0.1908424741030293
0.13380435701328341
1.0355357895592263
0.1408912963587583
0.13255497148305326
0.5446684123537611
0.191758432249486
0.236416288489702
0.1369643133973925
0.28961384101314513
0.3574575160733521
0.1995273744879972
0.1816931444578837
0.21853472157722342
0.35772606110109745
0.3746317010888864
0.2611076275220829
0.10607397503808479
0.0646250132287116
0.2223250326003114
0.48714450725009706
0.12772503698255921
1.5824931924088603
0.27220034541195154
0.9422362006066276
0.42608884708730566
0.4561242022245976
0.4172638279952037
0.12229821941857791
0.1520491057900325
0.40592808383656137
0.4344008000249548
0.5031351734685443
0.23690454527187293
0.11158126644780919
1.017977942730304
0.28694595973420456
0.16475984227636314
0.17497812328340911
0.16030093381364532
0.2233418981405602
0.5374470628175368
0.2864338149080924
0.3813733865243538
0.21902102756310243
0.4799090053181956
0.35624347942428647
0.1749132194316656
0.131029453935165
0.5410301383092028
0.2531298425014861
0.4879380436318688
0.33729289111054483
0.18562443596091682
0.4559935703717778
0.1430416991583002
0.1831689155764678
0.5584662079782092
1.0167586290833592
0.4422577232176507
0.449609150162623
0.1277552253946802
0.3678404911178519
0.14999547880989383
0.44339035789015546
0.333287450597274
0.2753116187778318
0.18538668763310073
0.3392585141339186
0.28844239233032465
0.2834243383028733
0.1858656378569723
0.21515064960861185
0.5098864634927613
0.07819690942776411
0.5830754062525108
0.6819960327519478
0.23220897016312478
0.15191626398234379
0.11082467818124911
0.0866873701211229
0.8527763841662435
0.2028168170259288
0.1662354438011202
0.14456878592810538
0.24036403004944956
0.31237029235154135
0.6009711660645912
0.1745289485837099
0.27066375647162183
0.03944251462724781
0.3798022830287452
0.09158472799543568
0.2312132602694475
0.9522757327873526
0.1103318508662081
0.07746335999910549
0.18719050966093587
0.3205493190408275
0.1625210643972556
0.266383607956847
0.1482849539416689
0.7365044568442757
0.17644516626020496
0.21123306865842673
0.28741738023247526
0.4498440338213717
1.4214483972798397
0.3920380130663607
0.26463845724288493
1.2845222209411897
0.41889112347707536
0.3985056574213969
0.2545401650776063
0.2986336773710013
0.2767882611803809
0.25822356411218655
0.05735411938910849
0.2000374876537026
0.3254858887912951
0.34919785145347704
0.2417690374479494
0.1784409395745785
0.3057568471962676
0.1499256950286311
0.485583098550217
0.16245698447959017
0.456500766946245
0.3627610778243373
0.8638255819546428
0.3997391169881689
0.3950754066796857
1.1626401565752067
0.7107527343891956
0.6175722162958402
0.33239763738167016
0.0923383544406726
0.3684658237865194
0.35603333192422065
0.4715306015880895
0.27016356555705723
0.4935632470079947
0.2854565263833875
0.1951911226825549
1.2761549982648368
0.234166038977294
0.1863639929743805
0.5355634620751532
0.4447927652462971
0.22205530691043035
0.31842157078506317
0.26264846570207145
0.1740807969535506
1.3879892078958593
0.2467425771292171
0.29428805411966186
0.5013932543291376
0.19480613437801397
0.39212557736006687
0.2709819891898575
0.2441016510983382
0.30248847229127673
0.465653348491234
0.18076171499835442
0.8804544680870942
0.22715250994955521
0.9278405763877703
0.2757477879554613
0.1732042659826056
0.3354514672470462
0.2237787641978256
0.1774609787611072
0.27238263706828003
0.0857533070228042
0.19937578234432507
0.2537053459961924
0.45993783335721883
0.148090769943477
0.18026443194311817
0.15688590050339615
0.145714833451472
0.1457878257910581
0.44187745601027295
0.37080722329499527
1.0023340032520316
0.23717686738225086
0.2861783301430637
0.2273592470126134
0.4916644490297136
0.331385803420085
0.19384668284508771
0.217489778034166
0.5736578962358131
1.931656063262101
0.32370445000845605
0.3683727124764641
0.4693983641290607
0.7782012804293562
0.2317347293973258
0.37443645852039453
0.3595260009950432
0.4288683342066374
0.727962836247465
0.3510166500635039
1.5928592331629723
0.7820343088935243
0.07250571613481681
0.1514992366033954
0.18765055894646232
0.20616441744810687
0.7292349257304247
0.2359438210438564
0.26417348520622663
0.09920310732559671
0.235498371636711
0.2369968634457971
0.6722373904233618
0.17384262947232793
0.2315992380652132
0.35758481594862584
0.5276005615267212
0.16628487845981949
0.40202274935006926
0.1537260632635102
0.2270731494475313
0.18442560143865305
0.16009723836769973
0.4300974100127913
0.11576045958524689
0.11902776530106149
0.20835271647782733
0.0841743110431854
0.26685890060242845
0.2493775617266329
0.8964991594312975
0.11769372466582079
1.229111262005069
0.1836323428722137
0.37639231257726924
0.8494984803836978
0.3618375250439349
0.2536125919830583
0.5210289200669678
0.19357059838487925
0.25117815995539416
0.7703525799292951
0.48457513396460405
0.9791545223618758
0.33873999005804295
0.383972325129048
0.15273464963576155
0.21342942385774788
0.0733785920023586
0.32750124559527094
0.1654625671823167
0.1374553151119419
0.41935322771181904
0.0917171772905814
0.0874159515242037
0.1361906866780385
0.1520579534413889
0.31818079655866993
0.33685385601051593
0.1774487298834849
0.20654427254297708
0.4599885118270588
0.31909678881926695
0.16918336023849345
0.3784826189119933
0.25861429813635123
0.5724183862943759
0.1784010740985303
0.7139700735574944
0.0398627290995215
0.21418455203980252
0.54996539817473
0.35425408925203916
0.28359013148837703
0.40576879267295474
0.3510696108947958
0.09858308343680192
0.27402809936615996
0.5182816339702723
0.31979035865029093
0.2051339251073062
0.22743248740829647
0.1925581285010466
0.19345416142273197
0.23514268189110482
0.11276749452026712
0.12628377373623428
0.17975109372033832
0.40237393290338563
0.17579484062837958
0.25720063327158227
0.14029668571470202
0.34194207475946814
0.26943564063074055
0.9827053364186982
0.5041001767070415
0.9698324191907435
0.43124365820751154
0.0828248502372117
0.1852138388413158
0.30193725378336644
0.1248822661225074
0.9431369931374932
0.10269144240721989
0.22379918051604455
0.5607267308475119
0.11855008394657912
0.9228559116168458
0.3445500290140036
0.18295825716728573
0.285878885341946
0.820374253660415
0.0657487666811898
0.16682799113798977
0.0629503984095066
0.1124176847090052
0.36365022993652074
0.1431033445180627
0.1202016199808266
0.1886837814280362
0.3167343816950139
0.23533925507739814
0.1779173486410281
0.45571171927977544
0.5230755698993792
0.3147138960424807
0.062333629535622895
0.27454113522492435
0.19400971270442074
0.5322898259918838
0.3144960100817619
0.16338241175200652
0.4728298387166374
0.42865831845726965
0.0448100200273627
0.6201959900441514
0.22831422152617092
0.5848756262006699
0.057065089626906706
0.22618047696139748
0.1875286949980393
0.26155329400833904
0.8461669856273996
0.0344235415519133
0.5994815317158839
0.39581233631803464
0.8638428481200111
0.582923252435467
0.21912922268858054
0.17745461948311184
0.17260165996400523
0.35299405685328533
0.0859282625137128
0.1753311401441644
0.6332062204097788
0.6976283549642578
0.26685357400517845
0.1355471195703458
0.0966959894631011
0.08898872826703191
0.19570016278543698
0.28868429382233285
0.1514564725226651
0.3380539636203417
0.0907333873232583
0.424053411400107
0.44542070746614526
0.5784526860012879
0.134063104425171
0.1654801425409327
0.054297348285676804
0.2971319632259769
0.25842689587158624
0.24485129089628463
0.5195022231329187
0.19189536004352487
0.2605663507909262
0.9631327383015509
0.570141850116023
0.0100027671747869
0.30022445643769297
0.6426656846814994
0.17151853209317616
0.19613252856226276
0.3507568527176547
0.28011671170340574
0.24196712869770304
0.46803672485375497
0.11675672485702966
0.3177900982943074
0.6614286710323853
0.1218665656611011
0.2249653436729998
0.21536626392176936
0.6350581767373871
0.14277111644392987
0.1223542268703445
0.33762556861916193
0.29500185808429635
0.27239621706826933
0.1627202634864684
0.3843613168808552
0.18481775047746712
0.09466085340251601
0.13899627997063302
0.37574034198930506
0.19779795869049957
0.10678230157099741
0.1320509089499482
0.37836149095889576
0.32367550004475976
0.4657003449041097
0.30299600044255226
0.6248515676289985
0.29676722479699547
0.3387438673278274
0.4531190806395885
0.5823688565379646
0.0786357193423067
0.15101988796469132
0.35407081243706384
1.194682793646987
0.0977774583096096
0.13308765301674738
0.06553055307250491
0.3511357044278692
0.23463526991616843
0.9267930303709433
0.18671101235023638
0.4242676929755408
0.238041777372754
0.34141050684861135
0.39277374646528784
0.3735159705943285
0.27931256871408006
0.11607279730125908
0.05049438217009081
0.0844250140762107
0.22102825396848713
0.2521031882507473
0.2699834210799174
0.6908540130392341
0.17251519718609734
0.2624480345604073
0.24052633287242894
0.23813805317900355
0.3712806269195111
0.4953374767738089
0.30667392893474055
0.1258173540077137
0.10850737658712811
0.50304780119724
0.38027752013997546
0.1181961864314299
0.4526089675373379
0.2163748713897569
0.0698592563631177
1.0753216436296147
0.41302959578324616
0.24518215460572879
0.1056968259054131
0.209876569484315
0.4270717148128148
0.42652798677740283
0.0691627887202919
0.5662995570777165
0.2880678701604535
0.23045869034812388
0.15981702716437557
0.29581873558062965
0.6186599734317317
0.40346290712635335
0.4429276070531458
0.1524498113179716
0.2083526724796591
0.3705049062745636
0.12064341058100751
0.623228090553283
0.27903759503835357
0.5580288127915978
0.22526127163924692
0.14264953805141828
0.07711075211747559
0.24939587671335517
0.845400903657556
0.47426687782643806
0.3124868672626035
0.2505229726530982
0.2651896604027684
0.20917174682722903
0.0755197369759197
0.4388730469244152
0.20223139222969158
0.1428315373176915
0.18891413030498558
0.1309384844188369
0.2271886027301427
0.1352727839850745
0.407978867681771
0.09819935915195119
0.0646000632845273
0.3147797570580924
0.44195274548112706
0.5197595486169927
0.3187402069736852
0.2596550814812105
0.09079571057119501
0.2685153440773009
0.34295163513645255
0.34439275910290446
0.4730213838172406
0.5968968437481553
0.1673846188167365
0.10620994097728102
0.6239122304955719
0.4548627163911112
0.2697537360406158
0.10834572634500908
0.31171784929215124
0.6555703434758082
0.150086502991226
0.2312235724876315
0.0887410423436213
0.402312041797392
0.358544060283107
0.0874624828468552
0.13124783614099897
0.14660881662531627
0.32618244160911297
0.0887508471819432
0.3703214319239349
1.4361291028944223
0.5432223447868496
0.08606275146739231
0.0792487435081067
0.8030464719298307
0.27686713596499135
0.09678812403025898
0.0986587154548976
0.1337831254760201
0.5104237688030958
0.05493519685260641
0.16577606704576664
0.24954748265281315
0.40957454837127216
0.3193451563372792
1.342308602015498
0.22626311660689374
0.16059720614099543
0.269818012469863
0.16677328780899156
0.0210407591713341
0.5204422112116495
0.5987973001240893
0.5319481155650866
0.18135148113189672
0.4673165718740434
0.26144815798384424
0.36987058111783666
0.48003457827448703
0.09132268061400581
0.26957083032119755
0.2199696299901424
0.17684101735867438
0.7620192947602303
0.3354116440546576
1.709985381010164
0.3378090235683469
0.21028901933171398
0.592917395460808
0.1750478809481174
0.1881672877148439
0.16679956398901663
0.475786212712833
0.2560136211428211
0.3263556874913306
0.5386948129922207
0.1902066692820063
0.08317603090768691
1.3964253193819118
0.22006916491004372
0.2020098488593972
0.17368309446076552
0.44315561832953426
0.0905523421415288
0.4004202061835898
0.23881951808144863
0.0895249139309274
0.0872607505705485
0.1701180476658821
0.0564854939681316
0.1300080244387938
0.16878991648472458
0.6236003516706242
0.1043878386388434
0.48575329762054736
0.20852704174708608
0.1391294635532396
0.1577453501815515
0.10756240257880909
0.19148587045451526
0.3180733014211602
0.0674386181049476
0.4397619838611504
0.2984062977196781
0.2540682482296581
0.2884555898126482
0.219725071760497
0.4922899395232019
0.1121279389283591
0.2729792323175354
0.4587934066278345
0.3487916680214096
0.287188490804865
0.25842168597301823
0.29855857794758467
0.11094113069471918
0.7286116681382526
0.4291925007963144
0.5112848592491369
0.9671633939441776
0.1892709171262787
0.3572164370278448
0.34548125418979636
0.2732471244854169
0.4073305095926908
0.3640254699314771
0.35851875014418083
0.4307609069231506
0.1947846114266263
0.7052261054083386
0.41692275058770134
0.32729438297372937
0.3593534827828613
0.4940650571763823
0.21583585647151488
0.45718496181482665
0.5833713353811245
0.20951231704997628
0.2217754415027759
0.6939096027724269
0.1265321558014989
0.1338559052188659
0.7828374275735417
0.44411650297578653
0.1744361093794084
0.0766773466322953
0.30977108998459413
0.3050012110771217
0.5133314172822028
0.4600168454346868
0.39210074472753514
0.27210404726079107
0.345230125963644
0.6765605302120135
0.5682368502043997
0.22483253911435888
0.5337857395534641
0.4885944774226798
0.3531272607944129
0.3197905945293593
0.23948000640514971
0.159989869585732
0.9536445188533538
0.17303066885365995
0.5623329417176612
0.5080531064858389
0.9119914907205569
0.2094802162957876
0.4434790960454944
0.1527611794081828
0.13776386527249865
0.2512138322302889
0.0984376479083161
0.8398268447638653
0.8405179115809557
0.17751751331011745
0.4821118003537211
0.9175570651153524
0.5447471501853798
0.2215231627255475
0.3451877003030661
0.7745919781129047
0.3405182933484795
0.31593391936432347
0.3395428489025767
0.5732481310006513
0.6605902442145946
0.4525683678013642
0.2388987080404005
0.3396250292573385
0.2263332766953664
0.39359249794682855
1.358123742830417
0.4589214773875597
0.06380568781342119
0.20327713119511953
0.4045912177965929
1.7055671393582912
1.0043023722294904
0.23570785786695084
0.3918155821493755
0.5494777083005371
0.1408878398032301
0.2891778151232089
0.15062459963560837
0.44725051288046835
0.4145900917541985
0.4223621179007713
0.35319952923202014
0.335406364799654
0.33921334224917055
0.08110227230077119
0.28204683635728667
0.1180928854713978
0.11659541933360439
0.3468461018259127
0.165757555017924
0.46952429530297984
0.3734593372719873
0.40516505274166037
0.6918234902647017
0.44658091324647897
0.24192907127716431
0.11675505247519091
0.1846327190790451
0.0525459729312643
0.31749569099445063
0.19493961651107217
0.1169122014574589
0.23770497346788147
1.326729189136266
1.1604239946546904
