1.2305556089473546
0.2761736627135855
0.0963622404537223
0.07722514425879841
0.053289701008759904
0.1931121306547224
0.17302919924313132
0.2613908458970987
0.2079508298907638
0.1012674412460073
0.15522546544687404
0.16139224938681843
0.07873274620904432
0.0694592724687675
0.5191115114064916
0.3584114233013159
0.2691526861521784
0.16880471357037063
0.49717793805546895
0.3373134927577314
0.5393855674499408
0.29591520005646066
0.5639428958877182
0.7681713706771309
0.4766659802620371
0.6945728099660271
0.1491974740307655
1.1138159569926604
1.6989201955215703
0.5589580577540131
0.7833368190591443
0.4363496871317068
0.8950360201894372
0.4939331378807993
1.3594070423111109
0.8964870974873898
0.5688874258483679
0.6910948350618378
0.35188568027863365
0.0675334173705451
0.1585384716801181
0.34560054014853336
0.36940860466934755
0.15560079126485765
0.30551568565622367
0.8267297608588574
0.13165699422775412
0.0365028093040141
0.18134657120713477
0.8205690395595349
0.20708349810450766
0.1423893292926722
0.14558945787747102
0.23867870163923036
0.5174081176275918
0.6058844887859882
0.41762928210288897
0.36311496645125696
0.32870076346790056
0.2748188871480929
0.41962790936015126
0.41874881415816023
0.3253128323134263
0.437418037230105
0.5788155081462714
0.8196651323296575
0.49791392485144437
0.5661917253330416
0.4615828370992501
0.6227211321318421
0.8507158653424192
1.3980620245490605
0.6812302262399261
0.20881053447049108
0.24471191865501404
0.6648388801018071
1.2365475696511723
0.674197633650988
0.6821878303078912
1.1876019581652546
0.7710779352510826
0.7985151186453832
0.9093393010379573
0.8784494653089148
0.9208846756936514
0.9506452397926218
1.208943616719452
1.0570776623581788
1.173718723186335
1.0936574563644172
1.167613757870618
1.28957350518472
1.2442804685949298
1.3560715182595116
0.3754802505002747
0.4647760963792821
0.6243335824893727
0.4261178088292249
0.3307076227609552
0.12754103954806878
0.4877330431830187
0.2031677135615495
0.14470288720042068
0.33562321225710023
0.12085519507877009
0.1483853924594687
0.46016541247387965
0.1239949518913403
0.23082505765336103
1.6514679248686739
0.24186050926177832
0.1164572539215935
0.1493360928240825
0.2871505437707751
0.17661915892954583
0.1491216429039481
0.8978137619341582
0.30469319890577573
0.0973652294729328
0.3974049463860747
0.18804905826662502
0.5429102577354334
0.5159349608237564
1.4090369997970975
0.2798857100387589
0.2969644268279248
0.40537693708436817
0.7460501081365881
0.24470755258011379
0.2261472810145581
0.163819362818255
0.6861744732607233
0.7280062342825004
1.1959450684226567
0.74110272636042
0.8349872052345987
1.4635745124910566
0.6351950178814258
1.0225922342326885
1.129076822235111
0.0390162397452776
0.1305393816070158
0.45171002824231077
0.48293409559833284
0.18684249044413162
0.7107641452968675
0.574723613482899
1.22662531596102
0.27774283931212407
0.24860363769722976
0.585039758345959
0.5139846095526467
0.0499097217559521
0.3737397304335688
1.3148082847875393
0.41855735446510106
0.39756308573426624
0.19508855447386864
0.36278359279412664
0.4579316905036302
0.39812832576444557
0.2869142298486248
0.2925209541344877
0.24516633082273373
0.17031285298807758
0.16524701800450925
0.1229499340794091
0.8020130227641197
0.3738347468427882
0.2465737285139592
0.9115019165973568
0.32777331400516163
0.7853662852762677
0.29192046228301527
0.4871340262788136
0.2761745913750253
0.3881434235702185
0.5523423237741132
0.3754532056417547
0.18119167279874007
0.3651537907687288
0.23102333071283856
0.24922649421917129
0.17921118761094712
0.745886297460483
0.4249404326219636
0.9635344908988843
0.2250786752654122
0.10223172354509569
0.1670927621491463
0.49140224195459614
0.1303633472454092
0.5861875838871093
0.41956633624607853
0.1813527082355052
0.19490412441101318
1.4444808652807635
0.577184050767112
1.331321024048839
0.2146672130858511
0.1643059184018208
0.6250549856145414
0.37650165401352015
0.6531519080405812
0.43585436053258764
0.2637161779443395
0.5524311930601258
0.10182275244352951
0.579304655802628
0.44856129676035394
0.5110952285503915
0.1054360012076111
0.4831979047547824
0.2806696340175384
0.0861466693729885
0.5420483174942388
0.425593132322103
0.38544860160759076
1.106793615542646
0.755010071183756
0.4217975349970967
0.85535298471812
0.43404612131286413
0.23716036568645393
0.31795145095795735
0.07876905675950419
0.3994638945858823
0.10946349608907532
0.05706372665613511
0.6198374236325015
0.272324837286974
0.5779889417406272
0.2773050692659984
0.4382763055869171
0.28164508935509625
0.4961621265604727
0.2333476060943951
0.5066034967901226
0.5283247581702262
0.23342199456157342
0.2669234054000782
0.2768267249390579
0.4129410649739085
0.16778163656964
0.1827720169323476
0.240766481004009
0.4524927147284537
0.45149248291264243
0.40097395585791507
0.29670446296955016
0.32085131131219397
0.47534825134819514
0.32344441675034596
0.4808019607175586
0.2037723837071764
0.34513401655503995
0.31291296217011544
0.872262812593184
0.2046958513851137
0.15592038777300188
0.22762060755047792
0.4043753259170473
1.0453194100977652
1.6546158219452103
0.18019708769483112
0.40243912525727793
0.5833395518111214
1.0191444032874224
1.9327480430988007
0.27713708051832897
0.8055112215213965
0.6022005291361616
0.5173443928811203
0.272270695168091
0.5601072663294546
0.3606468351304542
0.4555781046226649
0.1986089634706439
0.2521014278042005
0.18802853047051912
0.253733746242979
0.11988551062788251
0.3912946448608354
0.2638611615590631
0.49883913545596303
0.6220693589205943
0.16629135960699248
0.1727264787322362
0.45015656238502744
0.10856540692490849
0.2695254921429666
0.0492348514572481
0.10886746000809189
0.46147457865870556
0.27454409106442523
0.5473854127392033
0.40084573658411743
0.2985885383415663
0.2089110132860801
0.9255366139745584
0.07610009523634649
0.3018732289796034
0.15805925287504552
0.27969656899473394
0.41743566957562606
0.14057549398558708
0.3065890951634155
0.0469097247428247
0.20023785730421598
0.17613272361626464
0.11911353533980981
0.4156949309313909
0.1697099481563928
0.1090212600628545
0.10751375758211901
0.5642867371036193
1.3183195404591181
0.21383208792777214
0.17548866811327193
0.32735534727932053
0.0583807361924496
0.238408827351407
0.1307872213389378
0.1570995687220872
0.2194311773962288
0.19780583981371963
0.1635314866866387
0.49831086745382575
0.23645260854300126
0.31293407185362787
0.6855316568563486
0.16658050401837493
0.4878529387092518
0.1399905407261935
0.053760334790685704
0.40558364326553986
1.1677349050706358
0.2307852091837871
1.4646235656962023
0.21610027074682595
1.0387754794958086
0.13356276439845222
0.45991847046609646
0.1723679514426277
0.8412578244621576
0.20793960338031262
0.2247082630966275
0.0899227213912636
0.5167094921419697
0.5252912759365348
0.5775170398697522
0.15824049936387213
0.5445536868946753
0.40144123300796475
0.0578202064107909
0.16258493369915317
0.5167148570446277
0.21522679117372961
0.35665821873112624
0.25613581577930206
0.2828954300385045
0.197236147306287
0.1454628654768566
0.4501918598587017
0.17952893424133337
0.45616868362854046
0.5916496462224223
0.22182491165443774
0.14223157596792402
0.21805406442348496
0.24951028209026674
0.9161928348267181
0.6042620121311175
0.28206702874971384
0.42967963870534276
0.2276262924955608
0.30170181085945913
0.2936459921784521
1.0697549996929758
0.7503595814671531
0.25285301190208764
0.29038905403942084
0.24681618771753785
0.2075989252889776
0.6617988795541858
0.8978170737552768
0.696435760359014
0.291083485176474
0.7736424460003904
0.23385003339364557
0.8062642587794255
1.090858846740097
0.20339733677456895
0.10969472138669212
0.247267522660659
0.1845901808353192
0.1741212122625691
0.38797613611589765
0.36945467412500926
0.2921838140010949
0.0690783735297503
1.4627929653401566
0.23662192317252642
0.6058219385224928
0.12305074025685139
1.0807550593894428
0.08880450956858339
0.22054680717562303
0.1621464436957087
0.30068640387355755
0.9226024781236632
1.8529916486695588
0.23241566346736287
0.08753718937166491
0.2971850102926758
0.25003276026384674
0.924438349803495
0.23585197727985519
0.17576929344533548
0.5413571334959868
0.14880119933444297
0.0391383890591194
0.5963304319048892
0.5071717416863809
0.35686869519875963
0.589522802049812
1.6079901498514264
0.19711011076046472
0.10341934403852121
0.1772696558555036
1.0317563273533417
0.043746773158899396
0.4853340345130055
0.23081333960796455
0.37089743983638024
0.46267443733649133
0.4004776188988678
0.18083125632125302
0.6595711851668249
0.07689405659031259
0.2437229330701287
0.18685680743767882
0.6915617343464097
0.2674634703117362
0.5544730432675959
0.27341898911836043
0.3621327110903174
0.8013146373424959
1.3850818530098994
0.15473108198500218
0.21323971076552928
0.5902814637240742
0.16365868560937846
0.12230773651639062
0.47708681647194007
0.0733995029374794
0.8975908058661265
0.6844684906385772
0.1977317108279269
0.23992833992160073
0.09678570486450569
0.15196066648872672
0.8912883468334047
0.14363616752701652
0.1863787245682049
0.17840371198398705
0.15373919863264623
0.5050328892820996
0.33994904089049416
0.2269737018748103
0.45552358589911635
1.3289129541646485
0.3456095403971986
0.26415517032773883
0.2882375670381472
0.5128742748700448
0.5930613889705791
0.341819365159781
0.1050213777649324
0.1748142243829553
0.2280342822413771
0.5908044346648375
0.3704411789763931
0.23260659338126424
0.18601740037452347
0.3063808184280465
0.4495122362867097
0.3665790688658945
0.11813048365885129
0.8358295709270047
0.50042353849024
0.5471827962913016
0.1288590015065846
0.8569191462781868
1.418022434853266
0.3546985821575776
0.1800158122949879
0.0855323769777959
0.35904010311292167
0.5987565416632409
0.24578504439877202
0.3493879799544628
0.8267108941573446
0.45363375598028
0.26757987895444246
0.1996932067220093
0.24315216924432698
0.21486832692548583
0.22446961329434226
0.45259911156036686
0.653417517430941
0.646455388021274
0.2949235967061645
0.19759278680366987
0.3169759203386188
1.0957333631019304
0.1413105120574558
0.9294007980309424
0.17655269547843933
0.0839918990921929
0.3554466992662802
0.31641002024556797
0.791048078677801
0.2561748930299862
0.3034499080886131
0.244905327819628
0.6114881429761256
0.6487906293651764
0.40049502168999995
0.22778696279464167
0.0977666417230867
0.18032680712479468
1.182974687867267
0.6520340795960311
0.35417566980289245
0.1042218860197634
0.18934495264273532
0.5730118673935884
0.924453449011422
0.18967105585784688
0.308365402813111
0.3587623733300103
0.1162947429659382
0.5823223320573643
0.31894975367711575
0.3036836566913988
0.2981008748965077
0.1482394192393858
0.7238477195249289
0.2224258514648176
0.1763679817362624
0.1314462418752711
0.30572160594723163
0.2560864627969278
0.350661647790922
0.3163067937251273
0.13477937702495082
0.2971340178179104
0.18671436482704853
0.23692993933084808
0.1354607290993953
1.1121556119828695
0.2362862866366726
0.4326071175695294
0.18293040583511436
0.1625654644728194
0.0627325869487985
0.2508146584694452
0.47530382897501355
0.2592540795435061
0.948220077394071
0.1634072525024396
0.28894521672247686
0.0490441954463272
0.07704564636786379
0.14847775850294276
0.30945450539721303
0.3626769792527106
0.3378804011348959
0.18964393391558654
0.2010813106826868
0.4763607401886913
0.18353586356580598
0.5126824156001679
0.21430827101181738
0.2959164953533187
0.29938613670875047
0.35497515875857166
0.33243349801877886
0.28294629861366627
0.33640915270745353
0.7297025931502368
0.2051676524981753
0.1854756474816489
0.2040773655587741
0.0765980844132613
0.24173950872626954
1.0590354830579904
0.1786356526023013
0.11183752876562061
0.07755791577152221
0.48282502133382244
1.822336382365276
0.39193447518275276
0.20380251216593165
0.4963669050105514
0.2232739756506792
0.1315021219530614
0.21186079537669184
0.8044379777455914
0.14165342638068104
0.35006932048671946
0.7676735211046253
0.3450121346639647
0.26086154285172014
0.23397587559916888
0.47636334852558226
0.9099040481471614
0.5962455953866166
1.0883089497113783
0.30302595368536045
0.2818090237486957
0.14198314714642385
0.22496746648056515
0.30205375590890365
0.32120259181890876
1.3755653329653246
0.459874765297682
0.23335728509553388
0.6251238832538693
0.9192793572153592
0.11688954749785131
0.3742066617587386
0.15290579505818563
0.1938349242396175
1.0898355600409395
0.4118401323468938
0.5011457791112676
0.5373958365896355
0.2777978012299481
0.21595311951436627
0.139032794929947
0.6337967672146472
0.07062132402314851
0.4168031570441666
0.41798019796998775
0.28007761446261986
0.1699147355346855
0.3448086704981841
0.39141272429793567
0.26100849461112174
0.4043268713000606
0.26532836174243324
0.3015138372626035
0.7869424809764876
0.21785573527076732
0.2753297311691519
0.10519485948123569
0.24758710126240357
1.1930586765365896
0.6578435330044943
0.28055567995631636
0.30949012463523096
0.5208467669074957
0.8430270321217922
1.3496294994530227
1.5188903530392852
0.17621948119437658
0.21371546673258845
0.22864528232867604
0.2728317686341546
0.4081589486193965
0.1664077367198161
0.24876332442010848
0.6448718711325815
0.15285708007391272
0.10214036727670489
0.8797025306025346
0.943003289889796
0.3853874469106676
0.6627729071860273
0.35233783867051727
0.37773989407130526
0.2020794103757589
0.34979098095728145
1.124592847827493
0.38374552451394783
0.1882806384079272
0.1136749580549378
1.0872824974635042
0.11652099329545709
0.27899515682002046
0.203488927292173
1.3156462716751887
0.221400199875385
0.3195622165127216
0.11875200799713971
0.1175127324908034
0.4925605919927265
0.1944438293270475
0.5228180788474335
0.22393785048278675
0.5699799996451427
0.3555519755030878
0.3718628700242613
0.22116978838853668
0.18852451977287632
0.3845727322669248
0.1611318536214004
0.16059757508875327
0.3744257217102561
0.1877865880182812
1.0886974245998668
0.0603842969301359
0.5620227457921985
0.1580374511753762
0.0685933698514253
0.5054534727543614
0.1599538735076365
0.45247664613312993
0.11845297423343928
0.1934107547745632
0.053713934114190405
1.4572366314590872
0.20290941262937312
0.5639588161337932
1.1079270181197025
0.3328261411552206
0.2687423397261153
0.19477364965285537
0.18236042234628308
0.4933950749283101
0.3435683735871974
0.42130094586993305
0.1186030194674489
0.2772036285478231
0.7173531765870703
0.9743007358961736
2.255800180516623
0.10642749057661767
0.16075576742227332
0.23447762571764091
0.42400066728482355
0.5915113976090399
0.0965720196450903
0.15569593333691226
0.4191142418331789
0.1300483431754517
0.23181334148210953
0.1113233465407877
0.6760663831180663
0.2786301708161419
0.1939794227529465
0.1871048267005089
1.858018554743702
0.07270537323219789
0.4490751884950503
0.323208670694452
0.279780349662229
0.36424517983879057
0.1914830535538316
0.23161636856384438
1.12918653517697
0.3418528035076836
0.2392436925378398
0.21684730402712907
0.0929131274655071
0.9238298665422318
0.1688342952861736
0.5816994553585902
0.11282428413891721
1.0568728227701598
0.20845207846580613
0.38252754726384197
0.16439716010387823
1.0958811277597535
0.0815019084160893
0.13955399038208616
1.0765641606774325
0.398399994652401
0.41080283793236305
0.3265673115487737
0.18078610733598588
0.2408297577255301
0.5735659584846874
0.3414311430883402
0.28073091126421146
0.2086710588764225
0.4285241140511027
0.1615169147030726
0.26840421832977623
0.5081748035901373
0.9707291783455787
0.30577009259549115
1.2890959883950766
0.41061384096069603
0.1324336750789082
0.3862258035559915
0.2460986166598198
0.1747264335231706
0.358321544431907
0.2882010106873865
0.3007860649735188
0.19106747995767082
0.6223271113491701
0.2747010527414131
0.1119981196553611
0.2896215074207152
0.4770634458793874
0.16524283367127696
0.1761928615298111
0.9727072344089218
1.0879249383698204
0.41035651417432173
0.335386369367119
0.44210343222664983
0.2073809161949219
0.28261971564146143
0.634797420114292
0.957462975190863
0.26936023778207513
0.0283718082927723
0.8192316439001603
0.7728083443173058
0.3725571049397412
0.6203068029285411
0.1268320932563976
0.8322287478778275
0.44580134868095056
0.14051355295663004
0.7242827416545164
0.1361598010376478
0.1723827070189077
0.47443577730425607
0.3828309674944408
0.8700288617676699
1.7035069583378364
0.1564024089325827
0.1351742221167993
0.6427477438914218
0.269050906975793
0.1435737172195604
0.41944545628090785
2.1758111381274876
0.782430602587473
1.4755371495483165
0.0363573550758737
0.12500948174936108
0.10306211703330498
0.35044001992026763
0.21839757273655613
0.6406316762529967
1.1313442941827063
0.31050081544860775
0.3308953968949194
0.13368145210143398
0.4223623967811751
0.12632058911814711
0.1578802507095592
1.11712255148749
0.4784824508623532
0.43209802481028536
1.0253961580499233
0.0263114314605413
0.1399131471824517
0.26721937992362055
0.48499718062626257
1.529091198896326
0.16619692083254028
0.38257133174166635
0.18071146831709278
0.2096935862891985
0.1328469810994982
1.053886113983109
0.2785333211661129
0.1516203562110506
0.562469019611704
0.3102123051805409
0.4402493720904471
1.4625604116159652
0.8954691223301712
0.5072389578534434
0.9196086010700835
0.029530744499250604
0.1946088718686793
0.4334198610124762
0.18529430277650458
0.15412772084511672
0.08852126967814432
0.26459475488423034
0.25996509229090464
0.190534038045846
0.35744768977261804
0.09568994382527451
1.3392948312020196
0.1491442215898362
0.065431512100927
0.27016684928664475
0.42953362207479373
0.349870994502908
0.7329588387817146
0.07556310335965011
0.18974796964145207
0.10994830600137963
0.0813292786482889
0.15231268731700554
1.0506231492971196
0.0624150213779378
0.6528441980759665
0.1135688987003573
0.24226818431839145
0.1372439015977689
0.4172837122211921
0.1544144700633249
1.717358176962065
0.8208721103719736
0.2004728727343658
0.44790573230129593
0.27696049828113917
0.9969172942380352
0.5545896747421025
0.11670950824230547
1.5009231828988538
0.0765310898179231
0.08777355900532009
0.12956774754313483
0.15437566242388162
0.15380512445166877
0.1636016552722107
0.5754587720193578
0.1530515541933104
0.37754818821176767
0.1133632477619643
0.7850072032392611
0.18706842802835563
0.2070171352074131
0.27068353367515796
0.0701586709912086
0.17829706032585263
0.1284515321318971
0.2563842759977724
0.4285126770583515
0.7942808053355048
0.34289235889244263
1.9541208143102407
0.4970353154648637
0.3326503912514039
0.22861633000283402
0.3660251192446899
0.12586672380851538
0.21185172529769972
0.6424900661501711
0.23885718028343855
0.16271258140948408
0.18188021951733438
0.1829329784731138
0.18698236024598092
0.19208209516789163
0.30552118070696316
0.18177608241373003
0.49356783134771315
0.3003334260778204
0.33918465612842774
0.4930140257094442
0.6104167553169713
0.18744913284677156
0.1689121726961562
0.25999322814813647
0.1724830886094389
0.19393399041423234
0.42570223629137194
0.2982844005766509
0.2215092152315089
0.329549637205832
0.0825109585853267
0.206643240962357
0.28656708177865803
0.12621529499947268
0.2930090415786117
1.3688182123455856
0.342612637173355
0.10134042469872738
0.1422137799419842
0.99188013841369
1.0711678351456029
0.6182497487424022
0.24018663904975904
0.2724387061087295
0.236840216489058
1.1709895621841087
0.335613582581867
0.2863566292679989
0.3162684898107372
0.2190304386275256
0.21738167118188428
0.1670430295330655
0.3067638142470225
0.634924366769746
0.1717499855369883
0.5896025403104007
0.3403932546913067
0.8299105717248592
0.08961503650181499
0.1308014618889013
0.2694963838262937
0.2850631935440196
0.15847314569851811
0.18407172629150462
0.21673305664028986
0.4244542757181664
0.24191671870004955
0.30726236889867575
0.2528971989957898
0.3339777997095846
0.3102751446420201
0.18545213299692098
0.35190941657099795
0.2144300986191422
0.3700575709866145
0.2185260172169597
0.48363089332933157
0.2522797151966658
0.29174842746053764
0.40473127896558647
0.5875496099896111
1.844251342873895
0.6183558780924028
0.15689510177383262
0.8502773113828301
0.3110612370499758
0.9472245183065438
0.6695409953940533
0.20110577985582148
0.6927779169442638
0.055090032850899
0.5302421284795085
0.07519215213711061
0.27599699306458303
0.34193007633764994
0.13291590770664571
0.1365334815166071
0.08158553557617709
0.15766231862374577
0.3520173382121482
0.22753164067432613
1.0509954379964475
0.27087920785450115
0.19126161166766242
0.21764870079825574
0.0642063900010511
0.0661584231594914
0.20779304824351486
0.13059851368744618
0.2432984624145424
0.07932578930751313
0.35594734685554635
0.26255786674514897
0.2965317200780665
0.1509148133235944
0.15363919372489382
0.4740406361606987
0.1200669751866685
0.29553199284735043
1.166240284279093
0.4392958164188625
0.1484392562676506
0.3529541958857402
0.13273498609731374
0.27535864063932564
0.10884224119059718
0.0849244354635292
0.39592052255083593
0.0629227313662047
2.039248737298546
0.16501350795284703
0.9174855291304695
0.0927243992817799
0.06424703181553341
0.1549582480815601
0.14543428479527032
0.1688297258902388
0.3171075788312368
0.09780431749728469
0.22460128043702668
0.10038435441435689
0.0667674759165724
0.4268766650314495
0.35333583390689366
0.18043224334055702
0.3781041737319243
0.37808417571973935
0.2780680222601832
0.5047250773130272
0.2533310522808203
0.166819757969995
0.2334378728779172
0.08950571059980039
0.42725348181671485
1.4616687389199914
0.23909577117029973
0.08910023435310091
0.09293386324940281
0.4639619065859161
0.1352128595911282
0.8994662520965859
0.30863109273774225
0.1396039875156877
0.23464270798889458
0.2559438557782869
0.9879868634431966
0.39854195314264057
0.4849326847504281
0.24588707419551448
1.6529162124849617
0.08802104774429718
0.1343867562935876
0.15202537666554186
0.18331653038015944
1.9337869766185125
0.2671383227578346
0.38869989918268566
0.39331200396990373
0.09202767463364708
0.5567674821807057
0.15395565028710087
0.34245100196504313
0.400143922511686
1.0199005002341157
0.3738806492946736
0.6171551926028058
0.1536210746688889
0.48594853882844063
0.1949460074425242
0.20838066120783277
0.21355056615440798
0.7115470459848464
0.1197251642304614
0.0873868437506109
0.17178338855535857
0.06977336092820151
0.26275986085459113
0.5014296167704473
0.3438030731998972
0.29194357889269806
0.4040658055091371
0.0387889652997762
0.1561077228432678
0.1176690987694071
0.20089626783184905
0.0691452555721536
0.37401677600422767
0.22141268991562235
0.6380421387818143
0.5693709825956708
0.1235412213649991
0.5696623045271075
0.18227169567730736
0.4677321899903536
0.4860050393538722
0.10979051235085313
0.132574006999362
0.36779892578706297
0.1312478010882247
1.0574248825926562
0.22288008086120614
0.20516023077635742
0.4114070983924082
0.20077581699629632
0.22849647325701683
0.0714939370319381
0.22606033788696483
0.16452798014167208
1.1056621641364717
0.18285424602780748
0.07491483476837468
0.18683826137621395
0.9434194423061928
0.18047726100331238
0.504705413196628
0.26905760823784264
0.1252285807505452
0.2468006061257769
0.09647054420997621
0.26194802490193003
0.31117134870025
0.0319865691117274
0.22815538883810782
0.4436245708598517
0.29256849570380805
0.1509550780412403
0.1224964853568122
0.33606698746650027
0.1904291461507453
0.22859719896802194
0.928496918235272
0.19928521078341335
0.1142563604396204
0.5330080641199078
0.34154607811220766
0.19847206199274775
0.3682440811597032
0.46106235253747463
0.3082831896428053
0.18568504094972738
0.22007158180898415
0.5284529331190888
0.8425407447966287
0.9834095968548109
0.46965119841684166
0.21616713152410838
0.3002430811776804
0.518858174683731
0.1296208293682369
0.39009421564714636
0.1681131071386924
0.21230541683816673
1.0787572926996278
0.08362441815551999
0.47799122496676216
0.1307541356895197
0.31333137362311225
1.0343287986456584
0.42471253022304034
0.19535774625599706
0.6181396093310021
0.4392773591228369
0.250715993516615
0.1230561423143759
0.2018726120367173
0.6553081811376165
0.3622600294351592
0.2973551579403881
0.14797962991254981
0.4738776464090792
0.3287712211637813
0.3025484923736175
0.33670065534422333
0.20208370470627138
0.07148882877670269
0.2461724195658468
0.318518565743156
0.3261960001392265
0.2603984590675266
0.3990372125529414
0.19634120310396577
0.6545416660725001
0.14488062650305364
0.28629752131480823
0.0742945808338201
0.2835685814230219
0.5105614851196665
0.31251945936043973
0.13363707902244948
0.18666796868492044
0.24839560058327942
0.1031802139782181
0.3803462708716727
0.26560000561907765
0.15211922711557557
0.15202928872803317
0.4282355105979837
0.8167572823282333
0.4401444229578834
0.1625796512178723
0.33763733567579174
0.9934738328235861
0.3759467046556071
1.1390865970769162
0.2421558110950618
0.1568800979086385
0.9645281359517224
0.48509454496797366
0.1367912992206322
0.3874463905568808
0.2673566480900257
0.3889084683947736
0.1270629788207206
1.2772518532601127
0.08960058480176081
0.28123125621777706
1.0840636381822097
0.3861138532830719
0.28157490181346617
0.37894513091505333
0.5909803762382996
0.3113126607240607
0.7568523824204239
0.0637732391388695
0.0824275704353724
0.3244051155405271
0.5613073707307223
0.22594016361202152
0.22460427335408978
0.40738162162918645
0.6957301415147739
0.1762588279035593
0.119591733084265
0.3410091246669743
0.4166733885150553
0.6937737920425289
0.19984931868536157
0.9904918513521955
0.4373052145697417
0.451548224866305
0.180094775416561
1.73073780624263
0.35871419576638375
0.27960311297807183
0.278343581647851
0.1293313077098731
0.2672733578868854
0.16835913043579037
0.16050387458814178
0.12579624120703212
1.457909980249131
0.1811278778676646
0.06871955644941999
0.3509449016881031
0.14625745561161482
0.06369921903598351
0.14987824136570188
0.0922167288654146
0.5082251654562043
0.7696787815233123
0.2298205904301987
0.1443615899615337
0.17707037949928678
0.9587815196373668
0.0639898121788429
0.35972409458364124
0.1658761004497472
0.1843195542051358
1.0289674444470363
0.11293411176226459
0.1403738589867694
0.1576474747972458
0.11408437504347212
0.2288491541146132
0.6017725173000134
0.17471024830813192
0.21383341973794012
0.24697172400181103
0.17992155689373912
0.3927691968122351
0.29868225973421425
0.045346488256979095
0.043293843700278896
0.10495563630321109
0.08776229335024101
0.23017699162492958
0.4649914106524833
0.3249186591065195
0.1127226498337419
0.34336947057834555
0.9914509912223874
0.19874062703040363
0.22238851176220273
0.10323702493962039
1.738405699266378
0.1801139225968678
0.3724012475489057
0.15112356301896804
0.3737885722653311
0.3266472898748283
0.270072826252841
0.7980301649586182
0.563766368894828
0.7981237226677597
0.1747052711815042
0.13728644486670488
0.6776961023814478
0.45633939443393834
0.8163458629646076
0.1459412447317947
0.39895376804877686
0.3172139303377104
0.2536035448240138
0.2839396511255847
0.26636314800477395
0.3549573964716423
0.19611603928138516
0.30319327423172965
0.8840664914003644
0.48542634529252043
0.2580314765586687
0.4283000034924148
0.2544891588476982
0.2541234590759514
0.1176815251175943
0.2716242885273928
0.2618410305594535
0.13957236709332377
0.21591863958184065
0.3782354700904792
0.2409352178065012
0.22478694308604485
0.924141725204843
0.1658673199524913
0.16426899964062266
0.22722864007320154
0.18883430180601501
0.5238474113962415
0.33620040400564133
0.2663849396106063
0.2787232918474038
0.09184486580040459
0.0506419828205813
0.6406305732259128
0.6082144243486518
0.0765603509072532
0.16447833777170612
0.21777616464623872
0.15404174288762842
0.18153254401287988
0.38725694204143146
0.1717636325608606
0.38637718742951027
0.14780371168049378
0.29308557458674445
0.20754041582667385
0.17684699630470857
0.27865277311512593
0.8870974558466732
0.12766923637592056
0.12220076692696641
0.7898334669002371
1.1813570300327025
0.1550618634180846
0.3551418981018051
0.8397040682303447
0.13788486261265348
0.1396945045521652
0.4473526842324119
0.18607567556495572
0.9930781194574494
0.1389753020271343
0.19829917986707338
0.08920603966433399
0.29856192557125943
0.6606612010915577
1.3816811843507886
0.1206064127838221
0.162189298333405
0.9488767577020998
0.17453383727602503
0.4109901278674279
0.4146757294426902
0.2772165823102962
0.21062964659544303
2.0188574327607993
0.2156725332812237
0.3340240213190529
1.0903619003263934
0.1548218469588435
0.20809765934827823
0.1134221985402494
0.24964641673932375
0.49852086424119557
1.9509830206549577
0.1039373166335617
0.0614482420103263
0.10671108301814519
0.069632773344147
0.22829515212280493
0.1895147115835451
0.099648583444055
0.11672678536163748
0.3179743209608327
0.31496230937954384
0.16179476806987508
0.1999356976991729
0.2031268257387185
0.19458933364111308
0.4964619618042339
0.20450168698627086
0.42234938217034446
0.1075494522626411
0.26753984846952
0.32214026946196855
0.21145058789337542
0.23213207729849097
0.069872998598521
0.18622053612096898
0.27870756103888783
0.36352442042371125
0.2696353971656279
0.5310423357024646
0.44610962224860545
0.3365306075170073
0.0549841102604358
0.42398374206253875
0.29601131586675916
0.3212426658929008
0.3275818117953662
0.29889981716513087
0.2280127391991923
0.9357348895261293
0.28085840102802495
0.24251523214177048
0.20857253301650153
0.08428536463929581
0.5322496124360003
0.12342221302767147
0.1254369033426598
0.17613800190396717
1.0748848845526608
0.21752025140700487
0.1742469703858115
0.24905932606666925
0.37652858749174417
1.8766960925138911
0.14715873564077825
0.17326832174526038
0.1879268881815449
1.1071222194785346
0.1766824458663364
0.4384003082891034
0.1737111606480704
0.21253932298196593
0.21766966189684178
0.1662416588566698
0.2027029577102131
0.10332475050916302
0.12390338864818212
0.28661867730246987
0.3453686030296209
0.3465558479518156
0.24298709162940638
0.7787954437262818
0.030564745047448497
0.4921952974692997
0.3263682142485297
0.2896321319473848
1.5192223474639035
0.4128623987684269
0.54232587193276
0.27553052930474903
0.13193927564877878
0.2679785771921722
0.1698635186351363
0.35822518633388356
0.1545199590683141
0.19269185470563022
0.10048167268160639
0.08897492235720239
0.9420688503048815
0.1766364255740662
1.7691953185689355
0.13522501113271262
0.1000579185440521
0.30883652099394254
0.14474405087275338
0.20714695566836624
0.5825166063377646
0.13252170825744009
0.12306382172803519
0.17887822313560317
0.8870550488963902
0.3301932670250945
1.3158221145642495
0.1571459910383391
0.2821036428181843
0.135890672065993
0.2659585321003604
0.1130260284335129
0.21292853390397828
0.09626525090038421
0.0512614753775497
0.29392714835199707
0.4149067471496257
0.25169037501322084
1.485981589986134
0.1770899642773099
0.436744892119581
0.2927944910054542
0.3889109155741121
0.17642075702746707
0.8631033028944971
0.42144831486803846
0.1789905177575014
0.5712522962973983
0.11213198585951169
0.149590014129723
0.13925807312265367
0.3643121123048511
0.871305383547893
0.1204196423248218
1.0037365404887097
0.2109721313032351
0.0800203237926501
0.25489180542923073
0.2142357909278321
0.0745316115048407
0.2000999798267667
0.28068209383049403
0.32705808672949765
0.12574675178718722
0.17656697175442262
0.1237903260483668
0.3915013551183124
0.09336443279957518
0.12485758102408288
0.7849282046045145
0.15599156860319457
0.2749224955099389
0.3194276093796235
0.1890641775830863
0.17657863489217826
0.32005647545644017
0.0988887169935466
0.39405670543539795
0.2114964983248412
0.19299793368442
0.1474657591769915
0.5186536643041714
0.5316654028909683
0.14508453545250355
0.41981634168896165
0.9029669919676127
0.46716486031142923
0.7783877312014056
0.2150423435178443
0.47877090393877364
0.05473961940111781
0.3201519927642641
0.549343101542648
0.2463309263028686
0.7597842103337641
0.119817739181528
0.15655011020232473
0.30372093568264313
0.4744205411198972
0.2678834261772345
0.20489942506638004
0.11816908666973432
0.1742536984844003
0.7670179852473862
0.1113288575562711
0.2930573710049651
0.5218340475217736
0.2164148729901716
0.3422617995960246
0.2747018400400732
1.8715835816530517
0.22798131239989594
0.11370979110088018
0.1376580233501645
0.2293070003898771
0.15919401425464258
0.1408393997794695
0.18978292146951173
0.09323947774048401
0.5400580187014532
0.10787164040840741
0.21222381835814041
0.8714731079228095
0.24166188258519725
0.1289012919591414
0.21320444619839868
0.29055328912008604
0.35072622263078496
0.1136463689385393
0.37444411501670616
0.21503878163527756
1.1989581108431564
0.2341197702206461
0.17291214093492024
0.0794617301052978
0.12418091104149986
0.255152022122462
0.11706184667293779
0.04992733773167089
0.27317120343142276
0.7393938489964598
0.3045444854898188
0.12161624213766542
0.41894874463449827
0.16398874134629593
0.3067250816792854
0.20180165100982883
1.4305821947637776
0.8533033125355669
0.20620392844940583
0.6761539662267881
0.09650687129019819
0.12184167096663161
0.05703770111054499
1.2534030595721362
0.3370388540759331
0.1534242933145601
0.2495200599417958
0.39975626595787206
0.4122652239454182
0.25923262067526587
0.39182587388660683
0.7529879944529951
0.14188267099335872
0.25696468278479767
0.146541007952848
0.1379485461322153
0.45841286628220346
0.22734387191449754
0.2711170691145716
0.06305972255649529
0.4013822265593602
0.3544351638166918
0.1385316090999341
0.18398508551166326
0.2940451393154733
0.5093991360987508
0.16241767531422818
0.3431477636597202
0.44665994405860476
0.2501590719509992
0.2769818236269796
0.1312899303588759
0.8739354703455802
0.4521739459350575
0.25812942706312125
0.3077400709997279
0.2070686093600319
0.24613428638779383
0.2974778883345002
1.382119618493669
0.10519851706486251
0.2168159915064149
0.4899948850403791
0.12414995810557564
0.22380604905220358
0.38329161928070266
0.36688954902957194
0.16255122663735233
0.1365039551966615
0.08139546569351849
0.1867285439782111
0.15708017570781868
0.22335964779242995
0.1210102464361414
0.1630134348918455
0.1408368801517735
0.21792603157874682
0.20531637352141188
0.25398667478899833
0.14173603219341768
0.9345916346248163
0.2873909113706555
0.17053877315410879
0.798922129967054
0.4077200320546284
0.25594383471822146
0.4639194193788326
0.41417241901129154
0.22638777545519514
0.37341054002205465
0.7357446756379938
0.41302074027644814
0.0449187427198499
0.10488137498327973
0.1821014520452376
0.0626388922331674
0.19611868837303453
0.16953785000936122
0.5587633449960518
0.20114929564284006
0.1417189858584184
0.2176464871211342
0.48779771762544666
0.22653728041193877
0.1542434417114077
0.17746723692133187
0.38187730704861467
0.11855388418696508
0.9523129248156488
0.1602892998065631
0.0345881445235122
0.14425840581201432
1.116389179149796
0.4777521493937014
0.9341130204143406
0.11629455716981528
0.30944164427890297
0.41245472665609584
0.4623745653849066
0.1541091990844916
0.1758769368857848
0.26673346291505506
0.22552326685459373
0.360685670441641
0.4275656008670039
0.26600651464509667
0.1695249898574448
0.1144084939696253
0.4593951326884775
1.4479734335666472
1.8568324407665395
0.2760658451680328
0.1339487428366918
0.28628460034120534
0.2337023100020109
0.1448503699029495
0.2619401384269174
0.40753715125071255
0.2631725025617622
0.8009446698326912
0.8015423082837219
0.3819044743048867
0.1841164025238604
0.32201575832701723
0.5699389814584366
0.5963150699929688
0.3753648463713336
0.5319075456612095
0.1578720291789364
0.3665359376915378
0.36237434332046836
0.2654031579938951
0.40792979787874983
0.1126756153858265
0.326035565529152
0.6334283036689777
0.3651092236864594
0.45518139819218983
0.3989248906971403
1.0573495031091749
0.28199755313684877
1.019405802100254
0.2155812682352596
0.3101306999662238
0.16874260551153022
0.12008721900927952
0.6303451571001006
0.2578884663053138
0.2105609487793597
0.15412490185911232
0.1652471159181133
0.1588685158557862
0.7395241149776489
0.21672337955444837
0.5386717843109017
0.17423195232944896
0.2640959523974677
0.0935548763643949
0.2490509524588149
0.1671174521413784
0.2519825853925712
0.24035239580821413
0.1775436958646034
0.12832954675208744
0.026252889236389
0.16504639610121818
0.23497156158242466
0.2979696652353717
0.805261309187383
0.1878798033050995
0.4560579064939656
0.35244787759232926
0.4498718455160032
0.22337294626063942
0.06390830326891062
0.1840671695807063
0.3910111312504719
0.1800689912454208
0.2956536807911958
0.34093717071637897
0.37523724349728643
0.8688064931115191
0.323402099925055
0.22129456861580443
0.7637390115070576
0.21474132631236445
0.4551960463154079
0.338594863419558
0.6935975817208782
0.1445533115769448
0.43974109574217257
0.30298851077408284
0.149128481455792
0.3134937451236923
0.31860225948918436
0.08514298928924419
0.4755855920133834
0.4012359011493945
0.22770175731137143
0.35301702414756087
0.3150861519509522
0.36706648219230775
0.20394202239661102
0.08382595125164048
0.19578264157305747
0.1666896827501378
0.23786163319460935
0.30203625575376214
1.33098839621879
0.22634306474766624
0.44682112968554355
0.33113420850339126
0.1766632191018857
0.1630448776671859
0.2094598318987504
0.15076849682029125
0.38467285589022493
1.0440733220095986
0.3647003406511552
0.5667918294646219
0.21364556663771328
0.32234009276860104
1.1083465242429975
0.31223286613528856
0.3057369795700656
0.1720381984683791
0.3664179198516626
0.1336723054973343
0.0621743428501042
0.445946794439121
1.6787057667513996
0.0665481615120416
0.3499560403609765
0.1615405027366532
0.34177753261299115
0.150241010794879
0.1048538269045036
0.2451198219696121
0.42042536197889546
0.8917493816926195
0.1578173393130195
0.0922906115013364
0.558177572313005
0.0821432628989508
0.9984656798072327
0.3913723220333885
0.2996961600198742
1.3643352592679188
0.507698433221351
1.0478602854107484
0.5612523953859129
0.3571906722589703
0.1006444424305492
0.20939062371418227
0.19101046858116413
0.1638545067846735
0.4820587083382431
0.15421321882304634
0.417560422513293
0.7245562621965438
0.7440783962103977
0.2575840926561471
0.2410797341626532
0.3166850435966735
0.24762561655696871
0.3285155346250855
0.5166209362623955
0.1943921140412809
0.5194031886371124
0.3652701171091459
1.0672949511467547
0.28738591635272076
0.4720645400650896
0.2020665826927831
0.34747568944375046
0.30802487907227444
0.2255491355793164
0.252843478754488
0.5610851568043218
0.6672022190256762
0.8770966178040289
0.1912005913434517
0.3787427450210973
0.23181450550326044
0.1609741608824214
0.6507004825516398
0.6693615678981446
0.5463831053690935
0.0849492656483242
0.49100299157001115
0.2658322748415807
0.2593082134183153
0.22661322638457737
0.27746032337923454
0.3531694162105183
0.15163477122985042
0.29456488847993834
0.0451620136301117
0.1364623653764308
0.19349370251286155
0.9702626168123301
0.3234439619922265
0.26149397706558813
0.4995872752581628
0.09184727550042608
0.11981422172126686
0.4684756318858945
0.9195052496678854
0.3251052271989968
0.9132632950443508
0.46864500670484266
0.2049485261539527
0.0740988262445697
0.4199627506105441
0.49944195350258835
0.8555852103984641
0.22868052582073006
0.3456336842970571
0.8794606709085602
0.2654567842055015
0.7082175185186708
0.6085314960801448
0.48338585799825284
0.1386692532442709
2.0027362794408763
0.575429818282551
0.5537518170731754
0.29842774416214957
0.9529096632810461
0.0966078868970178
0.1613486019310107
0.16887844384897288
0.4693976397415648
0.4478808079905455
0.32800220458919593
0.12406115850685599
0.4152197301044665
0.353304179756177
0.1384899419208472
0.31560197267627726
0.09045187964009072
0.1640570762905909
0.1564140309021052
0.24651082498574983
0.18110169328208062
0.4369633646053984
0.15236750883985561
0.5787614833784743
0.37999058764150667
0.21827375553292894
0.228442896233024
0.2772640516444706
0.21202063898851403
0.5675636632548198
0.43856595598287074
0.7848758973013266
0.3627638536157445
0.8878297323240582
0.213390088080379
0.18910829737295165
0.834443386411352
0.1591107274559839
1.8885156574124529
0.27957871381458543
0.17072971082068697
0.20258263352060074
0.2711515485879084
0.23114061401625627
0.1761163147637467
0.23397899691432422
0.4491929667618011
0.8567169568878833
0.21364823173138858
0.5795907433585358
0.3901802133160704
0.46541696281789857
0.7870476256397997
0.1735868733488814
0.2760756396683618
0.0835487077276538
0.1629892341305202
0.1451732895638497
0.18911369453477855
0.2283940912844758
0.5284459736586857
0.42058161516425185
7.233392533252012
7.44626887381491
0.17251914378987376
0.8965311329334528
0.10002298673721109
0.40331772796929605
0.30587126000177955
0.11192440064006699
0.2703122447253072
0.3243344009227861
0.0864978609656097
0.26170893893512315
0.4014063040546745
0.3531618644593744
0.406703327061915
0.5674813267668268
0.33267323740123744
0.1929345859212902
0.36924367098720695
0.44048140269715563
0.1629533478942194
0.10602549197816132
0.1764556772964334
0.4854955617146698
0.5934106155767336
0.3022576341942509
0.5134179235821301
0.07443528111695182
0.18333454925905246
0.527362632054197
0.1287277422772667
0.5055761850811555
0.4129511252249581
0.10053748471260487
0.4196374112337101
0.4126802222664391
0.1098917993971229
0.08456810974096218
0.4269104608136003
0.5043846527716528
0.7029533053739878
0.5431979983996728
0.1425409007609738
0.46030707499562884
0.520499194974131
0.10527522124570929
0.2249652353497495
0.9690454923636828
0.377411438296256
0.4980625170077275
0.2221492185221164
0.1103261517946347
1.0720263280162503
0.3503315581274494
0.2153870215764598
0.0791368385256879
0.15049442616692488
0.09927735812285349
0.3191420783902039
0.1924627667684376
0.1601480505332773
0.2080673098147824
0.29832267486639524
0.3144936111439998
0.5197069549450761
0.31509877703236844
0.4248258917610971
0.2765937704384221
0.4274938130070779
0.08336295999997549
0.43519029956677957
0.20925521514645742
0.25162413788337307
0.08477782840323761
0.08038566734096071
0.3263790227371318
0.33971677873584133
0.9235117269741214
0.419210872589182
0.3163527533555135
0.6372278499619527
0.028147125418965503
0.4914674218544389
0.4003721237426594
0.15303941671093554
0.1386764131110696
0.13144648946067627
0.297193100124071
0.1339351040969398
0.0839551720994719
0.21687043128100944
0.24185887233375342
0.1638252242795378
0.42127306234162853
0.4592417684359645
0.19573703970877562
0.1136667880380694
0.8174979949077696
0.5575413383411839
0.2618606145385491
0.5447145648779175
0.14744395333174237
0.2957376214335422
0.28066108387808564
0.5305500942819257
0.152914778174237
0.3232902413503374
1.531425841705632
0.225663148217864
0.1672557909668222
0.1447196948778903
0.13828173614852599
1.5231094137214805
0.17267449085101044
0.17058896810041357
0.3399443787065675
0.18976414286626087
0.21285806777512084
0.37249562809162773
0.14160628067548559
0.2873378920292323
0.9090215170713986
0.46230935888792735
0.986140194997321
0.17182341955791638
0.152403059792809
0.8353104497764455
0.13350513591791777
0.13338243829321975
0.5015053833355544
0.22908772302927966
0.38918135693772227
0.4561126593059268
0.3100888899068803
0.15606939443601853
0.8563662746904875
0.1170144529943975
0.2160067081703164
0.0912090571894868
0.41903792437092
0.4578071169692352
0.22894362080631311
0.25963547571849954
0.16506405546907632
0.3965659935037652
0.44359467446975914
0.20774885696052353
0.24112756432114074
0.1274866557363998
0.36198488434867543
0.74388841043148
0.12025084132187688
0.18252034760641211
0.0918022613782062
0.3624276729454077
0.17792225735024786
0.22610826438037362
0.12060980233148821
0.9305797253914878
0.14488204389744141
0.2534464998913495
0.0945088177490683
0.56250331530045
0.20809785876596626
0.8091092834768212
0.1297833816532723
0.4378666146033895
0.3088557404496447
0.271691967854388
0.2768554153390476
0.9423355036080882
0.16544650295455082
0.19889427101576745
0.34155968283142063
0.24378749979908965
0.6315263368284918
0.7406690025232178
0.502349059774149
0.1203805248372185
0.10428759404601888
0.2254526556189358
0.2960698916457486
0.21180205704452393
0.1656347620701503
0.1602537221104876
0.32553963147657516
0.24449108760376195
0.1653420065750732
0.9422992485482777
0.39843022456579646
0.6822946820642577
0.4357592818961927
0.29887458478233064
1.4231279563065855
0.5851277093042588
0.1633596811890493
0.13252719057329398
0.5157300621942483
0.7480752187943807
0.6882776879050986
0.1825690437306913
0.2784505438869665
0.2599169863691543
0.336650188421332
0.4594219510448684
0.5833214068378147
0.5387187376447294
0.22080053178433928
0.5699550429865391
0.44862196950589445
0.8943304261049609
0.8956196645418006
1.1371591639359122
1.3264855377098899
1.1292526233978037
0.36733633535273114
0.43265261821755985
0.34073501539473355
0.3901242345543299
0.4532522149147172
0.568028760403144
0.21880397988261896
0.09796201316283187
0.2611044516736263
1.7428837371034884
0.4009947667507422
0.24054948188232428
0.46355338977033944
0.10688240813484348
0.3952866646977536
0.7994497318028034
0.33817389653326263
0.24553037615399742
0.16069223055373968
0.13025287657793153
0.1365849433679032
0.38155834202807226
0.16816924142093198
0.7731457500690129
0.23656997778634423
0.30167910378922874
0.1930523168555759
0.26331804525170455
0.34728383217044917
0.08104389454388161
0.2725825392315143
0.35694734305276987
0.11648104513872762
0.31576829455987687
0.7723217558770363
0.2043841808713646
0.0721675831888689
0.09999080152382891
0.5531465501201049
0.2798912027183168
0.48400250899728936
0.1750805998465738
0.4031575569355359
0.2516704043931293
0.17248681221459475
0.10866507094126357
0.26140410063921476
0.11566616317090686
0.1272047740906002
0.31648701966989895
0.1608712945063347
0.33018310089299147
0.1275991297955846
0.25711224355551104
0.23528855542680777
0.370260382802041
0.38782842509188586
0.30038039858582655
0.5409627742182029
0.19524437183172869
0.1275102213082915
0.16834504078976176
0.36275810050173896
0.27911681284888645
0.2879606674628201
0.4836923430522239
0.12417113030371123
0.32607766433640095
0.17102023206874378
0.4516832995542098
0.3099741669782369
0.1071650631803758
0.11575621568330641
0.06801548596959969
1.0989551824383006
0.13008518983814552
0.23827623755417482
1.0850927943948365
0.41998978280578214
0.2204117341216737
0.20961987266518678
0.2084953009172365
0.5803283427883544
0.12803516499414938
0.836587800625282
0.26441806747765256
0.1114271460171964
0.30361418099677995
0.3927994283515073
0.5454202263472077
0.2966374882770627
0.1759080393420409
0.1267837158626188
0.6747848569486787
0.23448391705113306
0.08349304367425131
0.24210848953794983
0.0788163195912258
0.058263051492996196
0.9054857922267195
0.20884811662804553
0.5573288541184034
0.23892325851188767
0.35108879535910614
0.26579089574762177
0.4070870114879616
0.0896085692261747
0.2799731456138445
0.2817536330741538
0.5080144942908724
0.056085448040729596
0.136442081005627
0.20253708287043556
0.5133600817001449
0.4991346342775007
0.15607594945479641
0.18479562261715965
0.2822029149959728
0.4139847021740676
0.5942629748710799
0.0979441485790488
0.1266897244918943
0.21998450354414378
0.08144520803904459
0.1653058957197177
0.1667120057210177
0.41124420366800235
0.06958581323381849
0.16030682977256366
0.1279499708738288
0.44692570440705204
0.36301562938597387
0.3230595497807655
0.7676832023189281
0.3498054184472674
0.19311005614529472
0.21239967738059
1.0393577216667174
0.10724690526013941
0.10236638041618851
0.21488528988551203
0.12096892552571559
0.4829793197902658
0.0555675125948552
0.4539483484865402
0.3280282198476373
0.2164472026129899
0.2711981915573864
0.422320462043891
0.31933421571359494
0.3684835574390607
0.36340704363570225
0.12835098517270832
0.12796489473560888
0.18216778789490826
0.24506570826582463
0.3742542001081699
0.5824890094187118
0.9119409548677052
0.3062835488399514
0.138648798147563
0.3372374562291919
0.30884505679211655
0.13590972790311434
0.1484043007165437
0.2860885462628439
0.1261927433208243
0.11707048664074342
0.1359173645724021
0.1152102055053963
0.1076568051742458
0.19971579265055445
0.18886269292463806
0.2256057825890579
0.37497169458765983
0.15050028338156463
0.3171068776154406
0.10492484467238439
0.1387621799437394
0.211751065608859
0.26203282267769035
0.1640951485856092
0.3182104373181821
0.11119213148922338
0.21416783000632494
1.206559199881277
0.4130859505804515
0.6023842205567534
0.0716727765146397
0.101527238760702
0.0643362174192928
0.0445192265333181
0.09962808520314319
0.1999260662563757
0.12554596049690367
0.1368869939074704
0.29457711489200233
0.2211288902981033
0.41219795406774
0.9129614984317168
0.6612486804314128
0.5098132995133894
0.23775129463583938
1.1743122800694126
0.3573276855718963
1.328700063977427
0.39046966158172686
0.0756081863325184
0.20187782643217125
0.25763912443233566
0.32646328206328823
0.0976734679883028
0.12793664771871097
0.8291463651918891
0.2876848869352713
0.2282604229362048
0.3098948154757202
0.15698779599532842
0.8845872843066009
0.4490336169821093
0.935892073688833
0.3825639461693551
0.3660642243559581
0.2276927807561977
0.44050446593300907
0.18626119363898325
0.28527733736700034
0.2097632053070677
0.1887112330388938
0.07500986503933611
0.41815663960202265
0.6204190337722065
0.3657363417245487
0.0522941357127267
0.2696136608942733
0.1714789102281876
0.2958503550037958
1.572816902589835
0.16999324811005662
0.20360042914876025
0.12224467415040902
0.41439143044112875
0.16599669590092264
0.37477432493221136
0.1721247314861861
0.18285268731998136
0.2524292779265502
0.29206629442263377
0.5435532394946861
0.3392646228340832
0.36425529608555723
0.332556337329068
0.35412311003251407
0.7126506409666109
0.18117356060677492
0.3254152070476433
0.507481898534577
0.356222789790938
0.13725929724951239
0.20148004518550655
0.16871595118766003
0.2991249883064611
0.3465503474472004
0.1828186950286595
0.35894863311210534
0.15373702311044826
0.832511488130197
0.2963561687415681
0.9061925052884781
0.0445377557942815
1.5402006507408106
0.7053863629664585
0.4735159346821689
0.19058354115219378
0.43121092010695017
0.1216390291301719
1.621431081431937
0.582585293664549
0.33282000123994077
0.2558019647264628
0.20021410314821797
0.0887387162385854
0.15735465783554498
0.29843114065569476
0.8333216344178185
0.0874321243426536
0.2415232313473731
0.193353890699782
0.20586019855702914
0.2120914688451347
0.2003739780953523
0.2936333751336563
0.35585659846380796
0.07441317148599899
0.3915957141031936
0.08046307752507958
0.14391366514363557
0.17456370087632256
0.8046460432366849
0.18548122863043284
0.313135967674497
0.16319044849750527
0.1283444626779054
0.11965114302502489
0.22400285127245767
0.20637211975819486
0.18044016607764962
0.16585858562180134
0.5257394444483644
0.2503174764088694
0.32098150502281136
0.0701945936930522
0.08962826021586082
0.05423834593878711
0.09299582998480399
0.11616360041338299
0.16231155482291268
0.3384859613826312
0.14792229714010624
0.1656123097539
0.20812118104616664
1.1262761145662328
0.3442305278277662
0.128308223904149
0.21331834670498506
0.035920013730505004
0.2407713833483765
0.2061808285105322
0.21539450084936063
0.15991103661549397
0.18926016959696268
0.1388805703735187
0.37464133433181795
0.1509665252402
0.1874969115537264
0.26185031562367517
0.0958484194269022
0.059531511142839895
0.2267191808550624
0.17679593523004378
0.08860162055308866
0.14615437561651748
0.48219914791119145
0.3172437265900607
0.1393312798321726
0.8592533493137414
0.23328697936503578
0.20183525032208388
0.15272256893417818
0.26792178247739906
0.2750651264631161
0.43143951001391073
0.1923289719068257
0.2369352663878142
0.19757335210525206
0.12640751714503493
0.22124840854849237
0.2522938966136229
0.20919037024116607
0.09456255103406669
0.16060925163842404
0.2143104887403847
0.10293192305940992
0.22441337540132303
0.19888572000864738
0.2528018236849645
0.1488045083194789
0.1221349667581442
0.4692610926806784
0.23869948166710078
0.30946637330384025
0.1062742758578609
0.2677042311913764
0.11533257453049892
0.13172949916709228
0.20816821017736814
0.14004682322638748
0.19434603850901006
0.13616472963058668
0.09910923475838339
0.37002344543658433
0.4730250001843046
0.12504264908805152
0.2052817166320273
0.20844641230709643
0.19325765005929085
0.39750829597078474
0.5504403085365015
0.28531224233889685
0.1886526907258368
0.11994283418148889
0.22060997988276937
0.1479518337044646
0.14907220960710463
0.2244213781595886
0.2285762415883239
0.2461631292286457
0.0934191529624411
0.3036973370857313
0.3236985706245975
0.3112484578439094
0.1779278379686988
0.1736066165774553
0.45271814413177314
0.49075460009006955
0.3217387349761114
0.185511994678982
0.22969554002886644
0.1500195439099166
0.1814604239451054
0.26877447575061675
0.1888697377439399
0.23545747407824968
0.11168410466698839
0.7203943710456717
0.35548324248805296
0.1616321638660355
0.17522512072936147
0.18489024848848817
0.7475640827798035
0.3969189675014437
0.3976614628594662
0.0592724431650227
0.12211906281704452
0.1464797151704823
0.35978863765363933
0.0870283462357131
0.1731322220066165
0.150018793048365
0.18514112050585319
0.27237605977912377
0.8025772534162131
0.2750546440851831
0.9855209144702946
0.8236764167679548
0.20282947630711612
0.08537902663099481
0.1030425741557646
0.18897366844044544
0.27260029322684715
0.1239359667941211
0.766824042170827
0.31795194629892176
0.42852097146253854
0.10330415878931971
0.6259371630610092
0.34781740866407806
0.2338486627504915
0.17886163293045348
0.0798892072332649
0.4801396979844834
0.19817679580087638
0.5282269682219998
0.07625627512608531
0.14750869186999938
0.18949614606875342
0.30974837524235654
0.12413888950419061
0.29968933329619113
0.27979387791255433
0.20508192262463773
0.19035963875825823
0.1913803595114084
0.6535562116305027
0.25705175205969255
0.18495922690575733
0.47469327833040786
0.2871849857534084
0.3546460051788785
0.14988398795305938
0.46065494825099107
0.22000094560488334
0.2869668032595872
0.35960625854366524
0.0749442913976511
0.18198365306126346
1.109580204752149
0.3354717929074845
1.0774482531481744
0.6769426423688978
0.1238996464842199
0.1210169017640589
0.08139990161017881
0.07184199150516352
0.19105143728382157
0.37468406034909846
0.06328952038271751
0.2513725798312158
0.1259251273568105
0.13269486578752418
0.274639910950598
0.4541706528186981
0.516562720590978
0.22490289119288992
0.19413206718262702
0.3114969759355144
0.1130151963618119
0.08755067310846068
0.3151886466752488
0.17694416760869597
0.06980467294034409
0.19539816997106624
0.2436660015248769
0.36266859953799335
0.06896124300503101
0.22822308257519067
0.32986128190242536
0.3967404607840125
0.1847962237445121
0.4494412814668247
0.0791253047078864
0.7378846659138116
0.2800020702987512
1.1188607206942232
0.1443600793107231
0.32045076264330974
0.2732525516434351
0.1052258682054099
0.20481865691476242
0.1634608022547767
0.5236319230098718
0.195356740094865
0.14535597148772833
0.2131839310322053
0.1653358454602787
0.6862090938181087
0.36662754562601346
0.22115616484204384
0.3652114317005745
0.8832256277034235
0.3449743654175938
0.24753219839522383
0.07406387886527599
1.4111215071055436
0.18367852282385666
0.7901974251333455
0.8885985035293749
0.15159566147621628
0.3907314245602631
0.5240963403165875
0.7166562239970424
0.9086747778318602
0.4858894059432831
0.39747695049207954
0.8957937889937879
0.23624725845521355
0.203115615839697
0.47938230084450567
0.4131473365607733
0.13581398168574835
0.1576295003631721
0.24927322747345443
0.26585028336614935
0.0922999680017638
0.23697633804666446
0.6150491956697363
0.4226342894890441
0.3803335810376047
0.31689006018580584
0.9721007752211945
0.656679695597638
0.3203354388614649
0.20209227583697337
1.2312287362747332
0.2739202862658222
0.3449208776101791
0.3268171304640031
0.3685447703639123
0.30396928369416976
1.2445157826103392
0.3886376401539694
0.1842072371990277
0.387394101637293
0.3729197034341533
0.1063181827344248
0.20726966135021932
0.9787460981981178
0.9018357655894654
0.3467188404736921
0.3315115900839427
0.45473146521247515
0.17795825487573758
0.19549651040965288
0.6947641663931807
0.3153569919410456
0.4170221978628086
0.5557846663625086
0.16296357932973787
0.2476916363158973
0.1258795765683353
0.3310547810254486
0.08342859511667089
0.5620257530405308
0.1327149565898559
0.30083714263947414
0.5169888412334228
0.1611463514757513
0.8338967462262104
0.7644501714365336
0.4468458562553102
0.18029426242398058
0.37172902918248163
0.1028962868954981
0.3230360052109128
0.550244210308418
0.4449426537993416
0.1649338400867711
0.2565825472637239
0.3971031027793569
0.37044321995215646
1.0898394414514763
0.3270727326526131
0.18433575045496745
0.1739748473983012
0.15712752433957644
0.3818335700881651
0.4979303609507797
0.745968330319746
0.1275139031852785
0.057286818595269996
0.10910005921586419
0.6582049957680693
0.1547676227347129
0.3376925318868459
0.30359727590157054
0.23454001250272805
0.092453418457972
0.15647077137820406
0.1852819642663393
0.3883326643289499
0.20647717385583308
0.2651642644244565
0.17981526543255547
0.552207724668947
0.1984989163096551
1.3924495026464574
0.09868393264229343
0.5905820510308818
0.48900129997369884
0.3684576013690533
0.9096244501342171
0.11755308942286981
0.14627486022096117
0.4292675216651928
0.3747641595512669
0.16771564161115912
0.14386823221077039
0.1402348392254617
0.6415032201401215
0.290051448512164
0.25864752657102497
0.2527545865828304
0.1921123860709595
0.21899522291967088
0.1819023505829485
0.3570402745288006
0.20272312482748928
0.20329335276313032
0.10968805156833959
0.17442032461892243
0.41076743671938465
0.1976857195802022
0.30693232630172335
0.20790728993426466
0.7034602322822089
0.4292926114526937
0.41280864606285655
0.05974444993608061
0.12160516741409208
0.2843005928059345
0.225046663933545
0.8902081546540885
0.2664795242790624
0.2667663210632115
0.2801971824636878
0.2116451020510295
0.18859622960461683
0.6130813598411811
0.9117054662113436
0.1705066390322542
0.43509581286551363
0.1856599746841776
0.32576549566883906
0.15495637936401038
0.1184902261402479
0.2632468404984289
0.868217168308804
0.23893427108687632
0.24644988730396267
0.12090836911553751
0.6097351404614311
0.18827870770146177
0.5647195387107493
0.28375863493284026
0.14707387146961917
1.344401132577325
0.1185901781475657
0.2807551545686959
0.3467129777394815
0.22852845300878993
0.6542792228379927
0.25215350664734526
0.19694591426507418
1.0265115229365402
0.6968677696436698
0.47101502377825244
0.27167724543953964
0.5346960188367154
0.12441747736170841
0.1412276959850273
0.528109059793038
0.27422958328589064
0.15385794410026082
1.5751498129100856
0.14243614416508932
0.1743755263017242
0.6050154581260426
0.394687022251334
0.5582704520147499
0.2875988282456315
0.1180381598344391
0.6849796033164752
0.1935079978451623
0.45490762154620384
0.3330262520382375
0.41323849075373875
0.29447732919334224
0.28247334392247825
0.16881137634269838
0.5345576925933229
0.4759921692622142
0.2228542536871578
0.4097196806395944
0.08234655547946709
0.17535279060281755
0.19062319890013457
0.6734761426239307
0.15879953495086002
0.7247642056117486
0.25280109701262776
0.15948830916908918
0.4200756671801857
0.2839044314762668
0.10125935707833982
0.27258188247779325
0.0421164061386171
0.29793458341115914
0.8400697214636783
0.3011171853238938
0.41940074035180774
0.0830707097709209
0.44577091954719933
0.735530398164891
0.2653997841643096
0.25295974630304996
0.4048737064506829
0.1454375866743634
0.14965412525699573
0.4151365583443812
0.7179360922758729
0.1085198069099882
0.3423471666819293
0.7076312959730833
0.302938762735116
0.13574799019212777
0.320022014446109
0.34328375628035934
0.1564963910291194
0.736214149998623
0.24215129355866416
0.5144362364822634
0.1489959654388919
0.2989683571444181
0.9299042617716466
0.604944712462871
0.2435592126877266
0.2542863257371744
0.29476880772042263
0.1711468962599881
0.07733444940779988
0.9895379881127733
0.18914197600935762
0.025898668921656
0.093447717638216
0.1390766911825831
0.12334093914126988
0.3757776765112166
0.5827021066737126
0.2740974509497827
0.22782142281436066
0.889641689051454
0.47073146923123343
0.20234240091727151
0.35165632905958505
0.325228559043985
0.7899862037729974
0.7531855973329665
0.13903493445770498
0.46474283573938474
0.06470666222249011
0.2728413513738611
0.3464772116686693
0.2582632259497077
0.14589974263729735
0.1994693715627366
1.4630993837669586
0.12756842651704242
0.24890613361031796
0.9498642920302014
0.0652571009127326
0.6272282020387779
0.28193908238664234
0.1316521924277602
0.0720293886008509
0.3558471342520216
0.5356480496124743
0.23479236460285197
0.5232043143484187
0.9251159361827874
0.2750580983169148
0.1045613868103798
0.17694284925186635
0.2507562298004697
0.42882500623344677
0.18247162642826337
0.8651724322426841
0.37840643934049806
0.43338934132194895
0.8447545880287423
0.1304583638608576
0.539598634594386
0.4528839369703675
0.6168225758746556
0.2027249411213514
0.8181750907857179
0.2247088727140936
0.14922168463184118
0.24255522767391416
0.32984150529780754
0.5106861899775359
0.4077400631011628
0.38219590559871763
0.19338462138557047
0.1350525385774399
0.9035335195935248
0.1077687736761849
0.1612490581536323
0.43603587798582116
0.22126408963142838
0.38439464058474226
0.3654604498876779
1.7590774217466745
0.22668540245530375
0.06631709692132211
0.5323852096881089
0.377700082356209
0.1810902273459315
0.396911716819625
0.2678573622167869
0.27279013799961777
0.2761586724497383
0.6718808357354812
0.29235236381187085
0.33221989142506414
0.3055941097463777
0.5203257243117185
0.16405115176557278
0.672662826644076
1.4384758228968033
0.12999589848477983
0.7918926999911593
0.39803524369575605
0.1524047399643545
0.3687920358266506
0.1334361022069009
0.19220098747104863
0.1225591318535694
0.49845219063157353
0.1723723195505076
0.22751363926842452
0.2274748513175159
0.4194490910916421
0.1987429774825799
0.1172061509586253
0.269861261636459
0.9011658012972438
0.0905546573812301
0.3352285979846844
0.082362225807154
0.5301953714439238
0.45059289092660976
0.1077427472832339
0.40889388760897016
0.30978976327345686
0.1819006865350447
0.5069624349117345
0.2639950217479841
0.1366063239406884
0.2544881150906635
0.2506390698781613
0.2132877264062139
0.4036654789135695
0.4908423937753566
0.396727535864454
0.22158331496773603
0.10948452755709118
0.21718212741121734
0.31724795665472066
0.2909171377269625
0.4304815603647115
0.15024085902958073
0.3473565328220482
0.3875085667163905
0.4395980639842069
0.41557479623607374
0.8429747948695642
0.14789713564903662
0.23827681768226935
0.6305774043516303
0.2923889386242164
0.20184808123825398
0.12287031082089729
1.0525803377283949
0.33115227601516994
0.9896821936333715
0.1788862161847149
0.28892118559336694
0.4266215897094139
0.6185651584292223
0.4479935251799392
0.2969484902328726
0.4392952445261213
0.12229573017376952
0.24886838477290585
0.13710906422686506
0.22416275529647361
0.5425417489713771
0.37255824379053404
0.15454275333801912
0.4890280284493954
0.5747442016775736
0.17023957270017875
0.30357027837200545
0.25753989589426624
0.35430296126697247
0.20617301775859947
0.22289474033920495
1.181984361994321
0.185837227089662
0.16357674213459128
0.45939445759000985
0.24762102881420495
0.1296213780123265
0.20440337876919407
0.1154206578947394
0.5049366403239208
0.3824380161884049
0.0769324448409455
0.2860516423349242
0.18285438606347978
0.3905347261214188
0.5480384938218857
0.417129072198592
0.22219041108673393
0.0748100553535141
0.08980416201323321
0.6077003740117501
0.2391085382666288
0.9735705304132789
0.307110318472122
0.1641405196663783
0.27913828340385516
0.24362776684765122
0.4029188326643946
0.08168254245934212
0.18830261112420155
0.20161861060574257
0.24154333015558438
0.1421575861294426
0.13418291708909622
0.13892995414130294
0.1984165891872474
0.9621879856999854
0.0837048744242189
0.39803097008243493
0.29153958615204834
0.22115119143471973
0.6329490956128643
0.046108352763628305
0.2353248622960029
0.2862933500951278
0.22841193750036717
0.25956772609594564
0.14060207993279283
0.2639791384113323
0.26285497193453267
0.3103941516567659
0.335912615275824
0.1310403547275854
0.23180484076509483
0.505585947753422
0.6169226305305374
0.163531973314297
0.521912397237481
0.5066008638841684
0.18100079517396883
0.2976137645242721
0.33652280757290925
0.9996221564349437
0.25136687614025227
0.42082728229011895
0.1561108615010602
0.12965899293435068
0.28563652429679975
0.38461759025403375
0.2655995231999373
0.6524152782527823
0.08912314358377639
0.12857273326474888
0.5895341943145898
0.48634399421977786
0.41661939673890513
0.3060931112301088
1.3718556553710428
0.1353941059206672
0.22677124977161683
1.2070429830823275
0.0579685504612014
0.4131370492135578
0.5289488855278144
0.29399708808555913
0.2827360794862676
0.9847864202312501
0.16531728242228527
0.1797490404304148
0.5550529450888888
0.3733465900242069
0.12630673886198132
0.1919105483274746
0.16589025463270776
0.24028653425364133
0.1067027003121063
0.20979344776918693
0.1785322500385894
0.1955855316322278
0.0429257007704053
0.6875893308678165
0.1611541999667475
0.7080167782030878
0.3017260788289487
0.14040151602118828
0.3757880828979309
0.3396084586376983
0.20426325089655056
0.2515612466807608
0.09861310149283882
0.40553050531572726
0.1090565834773245
0.161198330438167
0.39458592535518383
0.5887412743656061
0.22015747013243547
0.2431896885093466
0.8378289116395803
0.2128391948143782
0.41353927815095687
0.530908972981232
0.6989673796791397
0.500522970004591
0.1401886154377003
0.3950583927091508
0.1912409473097006
0.337075782920573
0.3029771939875866
0.2434692474513644
0.12871281492375214
0.876620406126511
0.08705692398484739
0.2998960109930447
0.3964938512245027
0.1468974234353146
0.1834332709403259
0.46354503429814603
0.2907919923621074
0.6970402077976113
0.45127312627227173
0.2893869772285763
1.9345251584004641
0.36270146189481717
0.20408062774658176
1.102162191551151
0.1924707857644054
0.10251559069400203
0.3188630798716929
0.15386942255458283
0.16862272057986455
0.4387512649141353
0.22134381094617966
0.2452005041504659
0.1071477634435035
0.5284814332179748
0.13250493787256412
0.0388108840285473
0.30810041288274215
0.10478856145150671
0.40328728988748064
0.2603037064297084
1.3063333658320055
0.12553900843735571
0.14654769432074252
0.7339363606765804
0.2261075530467291
0.38379468772709846
0.1912288193414024
0.49131694157440975
0.1549085067598668
0.37129729328299854
0.5470400286542829
0.32731717443619174
0.1522627368888431
0.1654290358348268
1.0271460979195026
0.36382968018219464
0.125759514728788
0.6134663075204786
0.1014948773069902
0.2631916255470599
0.6880068054650067
0.2749616634177015
0.30286930096838804
0.3202754387848903
0.045278107158107796
0.15268987531258288
0.1953221997789504
0.3141371616226667
0.18818684856479373
0.23267319380167004
0.17187614363111792
0.24636618927291795
0.3633045780404591
0.1289877840087243
0.1520445162424019
0.09037231535603571
0.8350170191053119
0.8243425797195505
0.5827933260332924
0.8611856538737408
0.8591626551914198
0.34456272946332306
0.1940309695934822
0.2881733551801535
0.4963174231678405
0.5179353942305197
1.5281959000734602
0.1607024099864642
0.34003237606618764
0.2914286495851869
0.1992368608865352
0.24581674593355457
0.8327387222365752
0.4440303507997596
0.1768514773940284
0.41106303653714515
0.1930202136299422
0.7924045382139577
0.20802007254356542
0.16892387763134126
0.4254773537859514
0.08220741213813909
0.7469196597133495
0.23607528711388046
0.2671222081669397
0.4565963007085841
0.18209445885663086
0.231346318632335
0.06447647171108999
0.1055787023773419
0.19942436017973642
0.17018718528222018
0.24794913396928503
0.2048732908721078
0.2144717818801059
1.0380109108095712
0.6636181276572448
0.16364135589336837
0.4282568618413064
0.2893196136847664
0.5664013307637141
0.26183433193357997
0.443743937944373
0.9046082654320005
0.13495314773514122
0.1402568335020951
0.0906037206804265
0.1149056763174301
0.3287749402999717
0.4466296290258266
0.16755423624173482
0.14473971479765418
0.1712065630270171
0.08294195674795538
0.48225693652551127
0.11862072893504602
0.0248452803840771
0.294046307391174
0.21840811724625855
0.2888284512174211
1.007000937531791
0.15966664493031157
0.27517828092711144
0.11481963216006308
0.19772206824318267
0.09547220599109439
0.18320075192913668
0.1213957768665165
0.5633703533571415
0.21776870787091213
0.2090231972856704
0.9682827558287406
0.11222685308776371
0.08627395288835041
0.4053058588892595
0.1372044139540469
0.1826178088787421
0.1350441815057473
0.1686289285846671
0.7073342528274634
0.2578767868282731
1.5700189617617237
0.0629130244049211
0.3251190872046048
0.5205924934913388
0.1490542629720976
0.9258667076746154
0.058807988875703404
0.28257079030761434
0.37809212725837726
0.21789708523018148
0.13864753030700172
0.7782738434284054
0.1809208970229229
0.07666716717078069
0.2563048591401369
0.1550341961547243
0.29942315454596785
0.2568980696488131
0.2425189064371931
0.49993244696478445
0.11258085377276969
1.1032374160289589
0.24394979162343156
0.14776651920257472
0.159744376401159
0.33855187075177445
0.24422125575649323
0.21191434054968028
0.3162630180333211
0.7464026867045445
0.5330940882847063
0.1666732690327351
0.229304322328272
0.10098522328291101
0.6359362511693188
0.4290886749865094
0.4623622578855297
0.1166468304804972
0.2116990363712508
0.0686651883388806
0.2985044032184626
0.11643008778506247
0.43577898443113083
0.11153098474316947
0.1826143940280981
0.38317278942640043
0.21600652656970915
0.1328610311075859
0.2983082664124652
0.29457374096780914
0.16462512260565726
0.5781711875779864
0.43161948086724833
0.4019556333950587
0.1266034385258629
0.3181332462262235
0.3719915178055816
0.30101326796703837
0.21510112648981333
0.17766590941586038
0.2324963541809269
0.4861511394991913
0.2616036279281684
0.20329223309045186
0.21405838659604542
0.15416878679491497
0.18312038548416512
0.5276416298430533
0.35312283836377417
0.6064253710498995
1.1753778996551136
0.8492817586285019
0.4240185292661816
0.1849139596511166
0.23953528281790235
0.16701440761273192
0.5524417088894917
0.5736908329351266
0.1795893434168248
0.1908424741030293
0.2067192566984884
1.2930749810184665
0.17818954974085596
0.13255497148305326
0.5446684123537611
0.191758432249486
0.236416288489702
0.1369643133973925
0.34602149092232687
0.4692279821510325
0.3639322275270237
0.1816931444578837
0.21853472157722342
0.35772606110109745
0.48760399774006297
0.2611076275220829
0.10607397503808479
0.0646250132287116
0.2223250326003114
0.48714450725009706
0.12772503698255921
1.7115209084792258
0.33449140847291725
0.9422362006066276
0.4415000083072193
0.4561242022245976
0.4172638279952037
0.37761099700057593
0.1520491057900325
0.40592808383656137
0.4494492405194448
0.7791298478899129
0.3998386308424209
0.11158126644780919
1.017977942730304
0.28694595973420456
0.16475984227636314
0.3047760854819699
0.16030093381364532
0.2233418981405602
0.5153849797159074
0.2864338149080924
0.3813733865243538
0.21902102756310243
0.4799090053181956
0.35624347942428647
0.1749132194316656
0.131029453935165
0.5098532381135856
0.1512792816226266
0.370296062276507
0.09685973221207839
0.15813482251554228
0.3064707377386345
0.0600354544189063
0.1831689155764678
0.5584662079782092
0.6597604327739357
0.4910955269747261
0.449609150162623
0.18828460935412716
0.3678404911178519
0.19321606771034563
0.34958568207111684
0.333287450597274
0.26711201316542055
0.18538668763310073
0.20895766392699833
0.29457442198503464
0.17183010479647381
0.1858656378569723
0.16059216555272499
0.5098864634927613
0.07819690942776411
0.6407354572277154
0.6867611945853707
0.23220897016312478
0.15191626398234379
0.11082467818124911
0.0866873701211229
0.8475579614446136
0.1799275563141924
0.1662354438011202
0.14456878592810538
0.24036403004944956
0.31237029235154135
0.6009711660645912
0.1745289485837099
0.2137325616059335
0.03944251462724781
0.3798022830287452
0.09158472799543568
0.2312132602694475
0.9522757327873526
0.1103318508662081
0.07746335999910549
0.18719050966093587
0.3205493190408275
0.1625210643972556
0.266383607956847
0.1482849539416689
0.7365044568442757
0.17644516626020496
0.21123306865842673
0.28741738023247526
0.29294333933875144
1.3557089275670846
0.3920380130663607
0.26463845724288493
1.7035211335021514
0.41889112347707536
0.3985056574213969
0.2545401650776063
0.2986336773710013
0.1106666933731623
0.25822356411218655
0.05735411938910849
0.2000374876537026
0.1897053377748078
0.2792962946687873
0.12393862014837859
0.1784409395745785
0.16415413451004818
0.13537244089371697
0.3813812159030267
0.16245698447959017
0.3092251709176047
0.3627610778243373
0.8638255819546428
0.20027876230760494
0.3950754066796857
1.1545368898122832
0.7107527343891956
0.4588893724861684
0.3876375369726536
0.0923383544406726
0.42279942953288396
0.35603333192422065
0.4562907657747046
0.35018349408348215
0.5419960700011898
0.45672600736585967
0.19646877548415098
1.2761549982648368
0.27894359710233096
0.1863639929743805
0.47810810407594906
0.5740463563425448
0.18416392297916118
0.20011698851047477
0.21144250812859672
0.1740807969535506
1.3879892078958593
0.2039731931864532
0.15958065172293356
0.4297501592683936
0.19711902497343997
0.2699043061698217
0.2709819891898575
0.09571976941072541
0.29907503400523133
0.465653348491234
0.18076171499835442
1.1084395031234073
0.1811179905469729
0.9278405763877703
0.2757477879554613
0.1732042659826056
0.6028462148523489
0.1490667351348583
0.1340051628642398
0.2295786749218591
0.0857533070228042
0.19937578234432507
0.12712061764339794
0.3322594384364257
0.07909756999081541
0.0514765829172907
0.14317974912805784
0.145714833451472
0.087560206609765
0.44187745601027295
0.34826988902614
1.0116580749481359
0.2641024720124411
0.31412022422112773
0.10255590057282371
0.4916644490297136
0.3502314533157799
0.19384668284508771
0.217489778034166
0.6622791534237411
1.8040771882137148
0.36489315404569944
0.44233211884794565
0.4693983641290607
0.8144165139307263
0.2317347293973258
0.4110756878747621
0.3595260009950432
0.43495456440025415
0.6816499310637882
0.3510166500635039
0.9533232822463471
0.8589319842419463
0.07250571613481681
0.1942983975456033
0.18765055894646232
0.251694052927001
0.832544058174958
0.23683105559212309
0.2781377365077453
0.10422097630293142
0.21346555978976717
0.2369968634457971
0.6722373904233618
0.17384262947232793
0.2315992380652132
0.3702414552453743
0.6366118478498903
0.1489922722911018
0.5007766522658411
0.1537260632635102
0.2270731494475313
0.18442560143865305
0.16009723836769973
0.4300974100127913
0.11713539152919258
0.11902776530106149
0.2364501713202471
0.0841743110431854
0.34840501548764136
0.30024903297485384
0.9627850895307422
0.1527693715256893
1.1338770921794747
0.1578585954026413
0.553849538633137
0.8261793968292256
0.3618375250439349
0.0709680017688693
0.38484058304764657
0.18549883728502964
0.25117815995539416
0.7703525799292951
0.43720804099840915
0.8632066257928299
0.24437553562178935
0.31496022008517816
0.15273464963576155
0.21342942385774788
0.0733785920023586
0.16063378788671753
0.08856630778737198
0.1374553151119419
0.32065671745778374
0.0917171772905814
0.0837049591121718
0.10767594581137369
0.08577861311341592
0.31818079655866993
0.1964905739157352
0.1774487298834849
0.1236160360284499
0.3388501534371792
0.31909678881926695
0.16918336023849345
0.2380341931959836
0.1945072705684407
0.3683806337630364
0.1084794538443076
0.7518279437989774
0.0398627290995215
0.21418455203980252
0.30899164210834373
0.2509320631743671
0.28359013148837703
0.3940999656437748
0.2234075864129761
0.09858308343680192
0.27402809936615996
0.5182816339702723
0.19544104657973266
0.2051339251073062
0.192680841845367
0.1282703233750664
0.0584389382357399
0.1487706170681832
0.11276749452026712
0.12628377373623428
0.1193182267925207
0.3529646915076836
0.17579484062837958
0.25720063327158227
0.10208379635053588
0.2441166146652226
0.26943564063074055
0.7171444894286281
0.4963789257951183
1.3534528502328245
0.48778990341734646
0.2006128666074704
0.1852138388413158
0.2879014282082809
0.1880867272834542
1.0203741476458645
0.10269144240721989
0.23165208685148206
0.5607267308475119
0.2219360547282197
0.9228559116168458
0.3445500290140036
0.19655572083320583
0.3735786227424711
0.9188515811074806
0.1587849660669483
0.24252575386073866
0.0853782903912928
0.1124309112887483
0.3696565255513417
0.16200074162399822
0.1202016199808266
0.25527801500400493
0.4131774476352609
0.34994887432448263
0.21411955596214247
0.461019678017516
0.569703803977894
0.3147138960424807
0.20872400664183685
0.3674439063948428
0.19902087844570304
0.5401398179249541
0.3144960100817619
0.16338241175200652
0.4728298387166374
0.2860646366814057
0.0892531799394069
0.6201959900441514
0.2457722406542934
0.6078926483106964
0.13927772043298364
0.22618047696139748
0.3107994299033683
0.26155329400833904
0.8461669856273996
0.0344235415519133
0.5994815317158839
0.39581233631803464
0.8730901601331323
0.5608689844486281
0.22827596385001014
0.24155926925075044
0.17220287478301433
0.40782115585587314
0.0789098977378645
0.1753311401441644
0.6332062204097788
0.6976283549642578
0.26685357400517845
0.1355471195703458
0.0966959894631011
0.08898872826703191
0.19570016278543698
0.28868429382233285
0.2144789523509834
0.3380539636203417
0.0907333873232583
0.424053411400107
0.44542070746614526
0.5784526860012879
0.134063104425171
0.22868771001081
0.054297348285676804
0.2971319632259769
0.25842689587158624
0.2951672927638481
0.5195022231329187
0.2781777145997198
0.2605663507909262
0.9631327383015509
0.5922353844624522
0.0100027671747869
0.30022445643769297
0.7894721392395345
0.17151853209317616
0.19304038388604577
0.3507568527176547
0.38041791550346216
0.24196712869770304
0.46803672485375497
0.11675672485702966
0.3177900982943074
0.6614286710323853
0.18736839021465398
0.2249653436729998
0.21536626392176936
0.6350581767373871
0.14277111644392987
0.1223542268703445
0.33762556861916193
0.29500185808429635
0.27239621706826933
0.1627202634864684
0.3843613168808552
0.18481775047746712
0.09466085340251601
0.062382291841453705
0.37574034198930506
0.19779795869049957
0.10678230157099741
0.1320509089499482
0.37836149095889576
0.26499744974052497
0.2940090371659614
0.20546967934842858
0.6483191688300198
0.29955961357789046
0.35443591899500965
0.4531190806395885
0.5823688565379646
0.1692554750068817
0.23350521573312244
0.4845477114707686
1.2419826517601886
0.1161789614918734
0.1634101944437481
0.06553055307250491
0.3511357044278692
0.2789616889327884
0.7281363202996632
0.1710848290280616
0.4242676929755408
0.24866740181029456
0.34141050684861135
0.2071396249409034
0.3530199107519123
0.3541725204386691
0.11607279730125908
0.05049438217009081
0.0844250140762107
0.24407569631197823
0.2550780463446793
0.2699834210799174
0.6505065336888968
0.17251519718609734
0.34281450637753974
0.24052633287242894
0.23813805317900355
0.3712806269195111
0.4930839442234924
0.30667392893474055
0.1258173540077137
0.10850737658712811
0.2570285525657364
0.32993620496599363
0.10340079574658931
0.45996672409243944
0.20482983095282178
0.0698592563631177
1.0753216436296147
0.3911365002236648
0.1563457074707474
0.0789133193191579
0.209876569484315
0.4270717148128148
0.39857407494031893
0.0691627887202919
0.5602339248677832
0.2880678701604535
0.23045869034812388
0.15981702716437557
0.29581873558062965
0.49472652681433316
0.40346290712635335
0.33678739784457273
0.1524498113179716
0.13749032097703578
0.3705049062745636
0.12064341058100751
0.623228090553283
0.27903759503835357
0.4788800932747938
0.22526127163924692
0.14264953805141828
0.07711075211747559
0.24939587671335517
0.8209737667703051
0.47426687782643806
0.3124868672626035
0.182079013078879
0.2651896604027684
0.20917174682722903
0.0755197369759197
0.4002069319064042
0.20223139222969158
0.1428315373176915
0.18891413030498558
0.10573539828655949
0.1796411670388627
0.1352727839850745
0.3352762619445007
0.09819935915195119
0.0646000632845273
0.3147797570580924
0.3351275023954945
0.4067936887230658
0.1956720993773271
0.088530348856726
0.09079571057119501
0.17108785213677452
0.23825831877956147
0.1544356207700536
0.4110751084053726
0.5968968437481553
0.1673846188167365
0.10620994097728102
0.6239122304955719
0.6365755436015741
0.3244848154002553
0.10834572634500908
0.31171784929215124
0.4555374483419042
0.3160578213524577
0.30202355909992706
0.18783914222936732
0.43618363748511035
0.3494490536748341
0.2148169068963176
0.28091898284178995
0.14660881662531627
0.32618244160911297
0.0887508471819432
0.3703214319239349
1.131803729230465
0.6302914023564417
0.2519649949300263
0.12895477651016
0.8030464719298307
0.29843091498711577
0.1496487473525105
0.15376109012562833
0.2900650765280502
0.4134404745772547
0.1604886018592237
0.16782378441303214
0.3855116763161356
0.5007231096642042
0.41380524757678955
1.480006370573197
0.24654736062922233
0.16059720614099543
0.41234145238168773
0.5082171272237042
0.18186679887896806
0.5204422112116495
0.5987973001240893
0.6305856356466192
0.18135148113189672
0.4763963647487747
0.35996290472143344
0.36987058111783666
0.45161728280035024
0.09132268061400581
0.26957083032119755
0.2199696299901424
0.18078476585163178
0.8768757113413778
0.3354116440546576
1.2435629320429316
0.49652001514366517
0.21028901933171398
0.7604652578973089
0.38594965195018904
0.2528218598733801
0.16679956398901663
0.6123956816655185
0.2560136211428211
0.3275856436423713
0.5386948129922207
0.38402456686462916
0.08317603090768691
1.4294582225761876
0.4018537788687034
0.44432671779018856
0.3129425472831199
0.5458970634515792
0.222481869827384
0.6617511552380619
0.5252884779964022
0.1853230687802152
0.0872607505705485
0.1701180476658821
0.16771428391747
0.25328643579323495
0.2341301087207756
0.8933349857130362
0.24108724522017377
0.4883394786922742
0.28829732363267635
0.202986077659549
0.24177018983297624
0.24137514361515827
0.3470427344912049
0.4080552397880729
0.0674386181049476
0.5921849682870894
0.39111826389064386
0.2540682482296581
0.2884555898126482
0.219725071760497
0.5236775587062072
0.2276089778911576
0.2729792323175354
0.4587934066278345
0.37707383106156056
0.287188490804865
0.25842168597301823
0.29855857794758467
0.11094113069471918
0.7286116681382526
0.5545534972670789
0.644473516054694
1.6207280823197219
0.5559320659338137
