1.0246813241236927
0.13474376482255823
0.0963622404537223
0.07615490833608192
0.0468016844596459
0.16962362214204454
0.16385327784873288
0.24225010262714539
0.19417734808443823
0.09437254086172618
0.1522874986690207
0.14683540663132544
0.0708320319530424
0.06807417297313641
0.943363752169199
0.20660289315031746
0.13763553668883885
0.06775504931606702
0.15800365783526182
0.22441599934423942
0.3095905209350964
0.21285300571839078
0.44554154618416186
0.5816506594560316
0.2587486896750331
0.49045221334857625
0.6901168586253962
1.0936810643832513
0.6321715638953185
0.38926061966332054
0.5910614254432782
0.6030606268363825
0.755608747143921
0.6744950510409823
1.1525816319838094
0.24726567486154816
0.6821284544162877
0.5432785169769524
0.8040192645608515
0.09340728585225588
0.1645636773663639
0.34938072323587754
0.4929459762153181
0.4669767401252639
0.5552631465247554
0.3809622470435328
0.7334119969184472
0.5118931585374377
0.5560482503378507
0.6542645335021655
0.40662420843954833
0.06210093810802149
0.05730516164632513
0.06990037622117748
0.00346355878051377
0.2074230550048386
0.4924815558486094
0.2653438529558941
0.14177039992920834
0.2386913130893891
0.25217280128942143
0.292929436820183
0.3059700492115935
0.2905909031715933
0.7742774802976662
0.5546836300920195
0.6565292418718549
0.24965645250371993
0.32049481363080523
0.31193385421627273
0.5652258281393427
1.2100113955338836
0.24915233158716485
0.31385820488243193
0.16339207377452952
0.29736561677935514
0.9397739492490087
0.4154680844078422
0.25638758555727925
0.8214330241886731
0.48860832391955156
0.2002527304211143
0.14767454721208606
0.17792761375107502
0.29194010358713285
0.1324215737790425
0.3113813962818355
0.1620396677163757
0.3920800149777833
0.23772665874372723
0.2561987915088063
0.43715804130193436
0.0751038514890098
0.20374727597955594
0.5053727498904597
0.8375316071731396
0.5044291046116087
0.46642197590979567
0.91786174009647
0.22618755329858556
0.7079738954656882
0.7020613091145982
0.7928750091493205
1.0093918536877817
0.6005836528663944
0.63722472319315
0.2885079930651846
0.1094288258164383
0.15822991886656507
1.5332141100090464
0.2670311658724929
0.25522690969529355
0.1061887213087492
0.2659892891952391
0.129061489085458
0.1381645103160966
0.9878703038731678
0.3261550423463967
0.0940816310942956
0.3812203854661255
0.18140426723481967
0.5138261486730524
0.39181336747444423
1.0185483791490553
0.5323427275259314
0.3413137642854014
0.5610158915936971
0.8724889959708069
0.7587868657356904
0.08382545526158292
0.27671379018319275
0.6408053070169479
1.1617666738920773
0.45420361435579387
1.1135440339842582
0.6812681577940976
0.11269818646503552
0.5571168234855584
1.465198593377942
0.415779745162306
0.0380800161587571
0.1257565019403754
0.4266484292808487
0.2908968057614774
0.4423971975200219
1.008129161260164
0.41238946241544266
0.16125327944432385
0.22604342690112766
0.5125119944348561
0.1009105538891281
0.5528323792716657
0.48041154597494135
0.23219893795615756
1.0959785835000952
0.5778787070156873
0.37497550733238205
0.1442459163716639
0.31082061666606475
0.38677199941426993
0.5714737428547323
0.279024839978003
0.2866771388485923
0.26102973301660803
0.1521779398278113
0.1476168672249829
0.10744222138188322
0.5690785133216959
0.2135981690154416
0.180657952421885
0.7915403050760081
0.3074943442737674
0.6234540171193124
0.33902807095471243
0.0760349292728792
0.26373715427931294
0.37743299608740516
0.25189524925812445
0.3833401275043887
0.16397645927516083
0.316144433798268
0.20881113673528978
0.30422926551102464
0.2174675178619003
0.5424542045086979
0.12009002908040882
0.7207221447446063
0.26985449828936736
0.2128795196997054
0.159968502254754
0.3280589701094492
0.11890642621827441
0.7445473459270562
0.2645485191176237
0.6375418179839316
0.3092447975779892
1.9910865392568444
0.5148641035367758
1.1686145050208612
0.15709520730512655
0.49628284649956067
1.3962402208103382
0.3492617538192967
0.5091494177004304
0.5990188242296588
0.2699186619185604
0.48482438222109525
0.0974668189353223
0.2228138211979695
0.21130278314458517
0.480435331265059
0.1595607848928503
0.38958073398361925
0.24906586074530332
0.0851362513992528
0.5337560864205749
0.3907022482249094
0.44188423726184467
0.8859649600792747
1.1900582061239255
0.3478079775608322
0.8209546427542338
0.4840762318384472
0.1775489013700402
0.3019194368367056
0.0745233420576846
0.4190331684087376
0.27349007505081974
0.16072441131168558
0.714148435599218
0.36435849893027306
0.7224597345744737
0.2310725408640591
0.5714342556073835
0.8403157206177307
0.4895798717663135
0.22854352545103218
0.44992193360820854
1.4131817259726451
0.18184021573413417
0.26267664470471636
0.22537518355724953
0.5872872399877367
0.0991539455611568
0.1752801930810657
0.23783232260828707
0.4408333480089853
0.44212523302727813
0.3540444296488064
0.26782034624324835
0.583949127097839
0.41944969274025623
0.29267164368550513
0.42682731118370165
0.1830160403867642
0.3276543804499752
0.29523378363746666
0.6832139540280482
0.19559874832767202
0.137010579047578
0.22307755460382472
0.25054243284201355
0.1384167842700033
0.2550532439580634
0.16638982170642352
0.2110059081079307
0.16133403058770363
0.4098092178059203
0.35186896281480723
0.2592827918023922
0.8137182134730303
0.6275615504183997
0.4220018239026604
0.256883955931934
0.5014464619958928
0.44964484082966194
0.5265016329280358
0.15747432812482032
0.1594101791283385
0.1469427692042273
0.18092630751375532
0.17510793378456857
0.35100423887905635
0.2521122626592624
0.46648044697385727
0.5463257706805462
0.15291667398724382
0.16484815887435922
0.4243709632197375
0.22990473635202785
0.2691680802326608
0.17265635613081548
0.10342276157164841
0.5328889238212842
0.4433415891899487
0.8226403306949958
1.0164893370202324
0.3571275584240979
0.34270336919306404
0.7087156637579861
0.0817973436598714
0.4043504298312396
0.1829041964618502
0.4571892331730284
0.5285307698900931
0.24679704237477132
0.37542984778403915
0.15416169037297142
0.2491525959265949
0.1626876049781847
0.1160129395958228
0.40549775697179885
0.35180926276733226
0.26481182703794603
0.1346219967417419
0.7502292839591148
0.6910188025953061
1.1901346532898465
0.2324318712840734
0.4475498943837638
0.6804990643012401
0.24040324685005685
0.1193581190525386
0.2347371954110865
0.21415328488513988
0.2210807134911571
0.25019615094479175
0.5686900769717891
0.8869970344708934
0.4591885422694804
0.8325145359236736
1.3072561604419464
0.347993904457356
0.13230701787197557
0.36588840866161826
0.3536460276109946
1.3465527810412095
0.21236475278986588
1.0995108166268488
0.11277657287366469
0.7297863317350681
0.126685463156337
0.4058080886254226
0.1762093881233184
0.7489262778649138
0.34547648465127334
0.25756138741944085
0.0887140082145817
0.5055726616722525
0.4058134679339548
0.5217551334748163
0.1538909053512148
0.6975228738505717
0.36783290383124895
0.14689916665660346
0.14322494462853028
0.4624329321643325
0.19889820972709898
0.33697589906765557
0.31789575067751913
0.26056842744807857
0.18734149322428886
0.13408873733914878
0.4103831895148856
0.17217300659423018
0.3991053313976381
0.5112949564077057
0.21467945331851654
0.13837250641366008
0.206640931078521
0.2211716024855648
0.8540528695489892
0.47862348455109227
0.26040330613130125
0.4098486993232404
0.1993361632273056
0.2931418711005913
0.2786282928197269
0.869189856934439
0.5945204662079376
0.22947639200857045
0.2329311802591143
0.21904880704684218
0.1996215184866718
0.5839927288486393
0.10207622564977431
0.5102531970718656
0.3362337692601237
0.45638079203716253
0.466327903169573
0.8556851852369596
0.93606187976294
0.7813278538868771
0.1289252891128473
0.4554571062570868
0.32306506036994453
0.16898617600047458
0.5423996884067882
1.05706445221563
0.2881034580833617
0.22338129303712145
1.280930336127942
0.34074380620110833
0.7147218782612546
0.12250336296878181
1.056963129203619
0.0883794762306078
0.20559620186707844
0.14078908467707518
0.2782682829327976
0.7648251563822818
1.7884914912148515
0.21880723063688798
0.1953819807953936
0.4063132940511527
0.22963661017203968
0.7381864494551064
0.3141055719717704
0.27107878194739404
0.5236856593216568
0.14412738465144126
0.1315594509266189
0.5799634781115712
0.5618067170021833
0.34169744191396084
0.5258065829155656
1.2342515172880162
0.29563029990644896
0.0984883085010001
0.16540475788392828
0.9065833429199255
0.14194489007121755
0.5347021840476058
0.24098015136869833
0.36213294610909075
0.42099108122295925
0.42484024416151145
0.24780259892940515
0.5960913997562582
0.14705031179155303
0.3016371204821113
0.29359092899559847
0.6223040612484396
0.3841822184051138
0.49286892761462864
0.30179919645618314
0.33932623632563064
0.7245923349681762
2.0652096060503142
0.3369849543960352
0.1700200177522993
0.527178372560291
0.1366676794363244
0.18600484908353201
0.34106716888964034
0.1300827085917094
0.6760883422469135
0.3390127145624258
0.18033812622468604
0.23675698591281016
0.09678570486450569
0.14130644027531108
0.6608663667466805
0.12079164049794519
0.17343028599872848
0.100456678386004
0.059239518257174106
0.3708065348243505
0.20658767654464172
0.19757104000594627
0.2777799953731037
1.499771103511715
0.2642463839302876
0.24030913345035532
0.26814312498158555
0.4674462556914074
0.4462666048452688
0.26001474770185856
0.1001086437173695
0.165953892694908
0.2239922903274036
0.356952144332561
0.3971553200372642
0.225547854414174
0.2287879874260739
0.337690532860016
0.4328699060796399
0.3411075469522475
0.17087002209958613
0.8192968056005643
0.5584789919139974
0.5351954538955722
0.12366938461558591
0.9312385621275328
1.0884917571930743
0.5063870320551824
0.24627260787665903
0.0843391379878938
0.3158861114042667
0.4243478366812884
0.24294355076869473
0.191039865216089
0.6624437588558179
0.4418480138041877
0.3763759631666752
0.1919613032756601
0.26350985372745706
0.19798267910290376
0.103615501315338
0.4208843205674456
0.5991094054054212
0.5888525666889473
0.3964224240700609
0.42954750402537967
0.566957486446509
0.7995094825517651
0.1368581443757858
0.7788887672076007
0.16704046295029093
0.07210211730900021
0.30119403967708747
0.29858773116827264
0.912657257437418
0.22431826352687154
0.3014138713890227
0.23557151376509092
0.5910078527886012
0.6373459135867628
0.37982604947772436
0.20714173167121452
0.09006640198512869
0.26493021714698367
1.0292969332852249
0.6022090777611231
0.36477535289085866
0.1054011123238334
0.17479685150718477
0.4260888192281733
0.7403919621905627
0.18412469024724598
0.3824015035941457
0.371774197480099
0.11741428505112828
0.49389226867564934
0.35613537644174253
0.30061685786958914
0.2876279493142566
0.14146580719994611
0.6393785394206002
0.18771638708046967
0.1641609604539067
0.1295190484788585
0.39158105919569536
0.1505783316269759
0.2960949968919635
0.29274327860150684
0.14455667865841293
0.27308583230982586
0.1718824369461734
0.24121013944553982
0.1223975277291383
0.9502973679895939
0.23492358453866388
0.4647485325579879
0.1769990735264233
0.204792153420568
0.14909731145318078
0.23228669677340485
0.4551136012274751
0.3848623856672586
0.8043162701947641
0.2424498303736839
0.37227108820142324
0.0478217721880448
0.07704564636786379
0.14048713770899707
0.2945236886969761
0.3526457068626111
0.29751998253408274
0.18396685111734895
0.18390340209760028
0.45163435623402637
0.17161989130754063
0.33292987878708463
0.19696440572623905
0.24321115330199813
0.2844798728825884
0.3404253371182938
0.32214067704206134
0.27983006161422214
0.3299459736625939
0.6725751053971454
0.19260643924056872
0.17668960976104808
0.20296636676206892
0.0751261905758515
0.2071608518009722
1.0098697216678465
0.1714983155611343
0.1014667501389123
0.07456851765939489
0.4266824476212484
1.6613152197297516
0.3697041016910592
0.29278208381952586
0.4761097824268744
0.21279622861759087
0.3267535325479146
0.4427875909087885
0.7160757099307922
0.1397183284693827
0.37235886373773525
0.7803614637856282
0.28924584775914103
0.2385551294020297
0.22540909531981068
0.422721213206454
0.8744365979052344
0.5374783599561053
1.2088988812616521
0.1694243127766128
0.2734185442934361
0.13814419335709752
0.1264315022758698
0.2954934459600754
0.3201229666625389
1.1331693140652401
0.6376907150797199
0.20777033269546102
0.5723822784833485
0.8939844789213715
0.1686584972460363
0.3641737649527006
0.1403152120316337
0.2238946783983916
1.5865405352980768
0.93488992710797
0.4202331025706599
0.4954714247343407
0.25217325172746874
0.2095313798492278
0.14623084307196682
0.6862449787251473
0.35116241334602116
0.7750435168526945
0.740883693025786
0.27662092152374074
0.1708447432393772
0.4473087765242634
0.34568241926200827
0.46876491241834434
0.38640749662114265
0.24755957050979951
0.28965259139533694
0.7617391674980798
0.49256069548042014
0.24602223824192956
0.10141327141172349
0.2140193961808787
1.0801589613823812
0.6219910289495605
0.27178746180700664
0.2850305072408419
0.4810870429256666
0.29482659119780025
0.6259829058501729
0.8311950567389684
0.1684921372684088
0.20159501646876138
0.25971690148649157
0.3104778303046742
0.3464239147445621
0.1614400318427748
0.23140135245569246
0.5181279270050457
0.14806689832108139
0.0886220432075357
0.7945691390220816
0.09140024421870468
0.4014893864389064
0.5526508487218887
0.23787648620464596
0.3020448414564635
0.196700450171372
0.3712824698456776
0.9007564039691764
0.36993113130292504
0.35000048471427625
0.1800998380800532
1.059325055677647
0.11462560235364071
0.34036072946643336
0.18771194467733548
1.066889596904789
0.2083970411353947
0.29815459890137325
0.1723647774867716
0.14662627307895637
0.5295058422474571
0.227830898105161
0.40375032579420084
0.2092591044073683
0.5278841310853136
0.2121973354588558
0.28732988514260027
0.19019585889610724
0.18005418368824222
0.37692255669841923
0.2316760532499954
0.14907911114655756
0.4013873990748349
0.1724996843945453
0.7053942537962747
0.058928757161965606
0.49284740124204907
0.1454045580789621
0.0657183510098423
0.39927519847305326
0.2122276373830601
0.5501276759819593
0.11671336306497658
0.22556105233639182
0.052511568989983104
0.6850099997005058
0.18700048815893483
0.3718160844894074
0.7843931551803066
0.23148004928720028
0.1944309716282597
0.2614118242059635
0.23339774090484375
0.4692572803178101
0.38859922576225614
0.37510913003804264
0.1031747426843673
0.2631653850030246
0.8042743735490137
0.7783346460260806
1.091679351766243
0.7391034636822845
0.08044046004492061
0.3200240324606234
0.5121122393337199
0.7137447091900084
0.09531566839368122
0.147520534859936
0.7397047475949552
0.24919757438866436
0.1209774002539792
0.1113233465407877
0.6252555656117305
0.26743188752238306
0.1818342565481391
0.18399334538031104
1.7960207697082482
0.0636596819041612
0.5384847956695655
0.31575014697664255
0.26977386274453746
0.33348081750674613
0.10035398718733561
0.21512677815036493
1.1093647751415503
0.2613607392542393
0.26914257493726607
0.20220799137427484
0.09007064118626591
0.6636179080637443
0.1608707174523926
0.5218281155633209
0.10206316467482582
0.8132599531869388
0.20598464247865556
0.5223882840496241
0.18663902986571562
1.1147859397663527
0.0810814243724349
0.13790195438587388
0.7643705930116631
0.4721025048522352
0.3808571695179397
0.39065851161179477
0.1901344067966781
0.2254902464152061
0.4638702417370103
0.2977075114737804
0.1639246298881526
0.2028822279729004
0.34119615583716956
0.336190990928047
0.1920345675561235
0.4681546366628562
0.7160851388324901
0.42587104293494943
1.0429289349812678
0.41726301127769144
0.2189175272469111
0.2998084202701228
0.357306786972842
0.33268071406365085
0.41532059591175835
0.3760441527019801
0.29790473730033157
0.18395856063481592
0.548944506172786
0.2647390917363561
0.10025803647643369
0.2597723817572316
0.4540021495051858
0.1638217088794756
0.16641414222089787
0.9421836735260481
1.3722306171995005
0.38214535977873365
0.32801989417109056
0.43554756471983297
0.20734219454087682
0.25692593152812804
0.7021314034301475
0.8591276095972302
0.18729690065431787
0.0283718082927723
0.8477848326651238
0.9829455356572887
0.06460451585807969
0.7474693493143791
0.24392597700980911
0.9447725862366668
0.4329262345236379
0.20598789858710886
0.769885004749358
0.16547584868096507
0.3549436655233647
0.46568774218178677
0.3166627255635816
0.6345640734932697
1.9157545135883254
0.15050820402832588
0.1439871534637221
0.5801370337376379
0.24443249446739415
0.15692854838983858
0.3923135339031639
1.107929476717472
1.03788784960792
1.1009604292887507
0.1386263070355423
0.1671576150440975
0.13793290690541676
0.36423821351112873
0.20656219978036255
0.6090317708843828
1.0997750562279136
0.3098428983090111
0.4012146478783558
0.1279729088410813
0.258477037086824
0.15519863836195957
0.1516774730474654
0.9235083213460884
0.40169346161042463
0.4147646373438517
2.024577553316914
0.0136088955939671
0.1336861160691356
0.3136039067155653
0.4649433207443475
1.3755825308634413
0.09110797912497429
0.3910095861365561
0.17242865201780477
0.0983990410417321
0.1393798644416686
1.6851795178336557
0.251564759916705
0.1433286064002999
0.6667681360920849
0.34039068719840565
0.42206351560810623
1.1536670286009274
0.8002018436015041
0.485650867818502
0.8619869748039564
0.5107375998374122
0.2252557572888393
0.4175500052290337
0.15128706877906267
0.1437043860074041
0.0843934881482325
0.34736364329020797
0.23737653171039347
0.1732607849853369
0.32541874591313186
0.11506480973385652
0.5713857207143136
0.167697899766097
0.06552776189011081
0.24500338458846566
0.46915874388997597
0.32342117455673663
0.6519495293504893
0.1104506465741914
0.22413323811274655
0.10600833220367761
0.07857482866765178
0.15068869413258532
0.9317807905493897
0.0597552779788246
0.6908138794015479
0.13574728569210243
0.21936802854981718
0.17691476801048506
0.4478307992330064
0.21318846217134113
0.696067898922893
0.7437530848499644
0.1965833119351542
0.427402360419108
0.2677699845169748
0.8559637517982239
0.4774836803027085
0.1546590953963759
1.2427891024156965
0.0701397138872121
0.08572737139638449
0.14800530007522128
0.1471800106992886
0.1475646391539214
0.15607631594857418
0.5314936956683523
0.1526172910370341
0.39790496176408874
0.1095996783514338
0.5350029336218239
0.18222989746183352
0.25947578543068456
0.26024710321869876
0.0690210959367871
0.1982852415958416
0.161103440719276
0.2173361373749208
0.4204750200037166
0.5747165144815125
0.38434226384590947
1.843477780304628
0.2499570408946966
0.36246478889171946
0.2223352704111555
0.3269791600449803
0.1805149203930597
0.20154432009723944
0.5934947118833209
0.21933209966797268
0.16201003697117508
0.17643309307568106
0.1797252853437418
0.17156319197480557
0.17904438744835974
0.2997534316201267
0.16862057037640468
0.522495369936425
0.27285873672152133
0.33278596257573034
0.48684957752507263
0.4992091180954932
0.17303062251775192
0.1636979525489351
0.25174353840599933
0.16934500782527406
0.17908392872834553
0.45698074098022384
0.285859557351818
0.20531681956403866
0.31590192195986794
0.07968714557541282
0.10566691849470469
0.23624233491970106
0.0788499208701973
0.2702306318552079
1.1424493352117415
0.22092075729371832
0.0672402829913365
0.1279998703516094
0.8917733066788083
1.864338901626149
0.532400028863785
0.22917010342398597
0.27503070955462705
0.3063253493640069
1.100579807075353
0.23503488430607739
0.2124173742232297
0.31412919643503945
0.210938293813423
0.0812974710142183
0.16195979447872097
0.30443664658119857
0.32245452593038376
0.2086474092562414
0.5177036925278378
0.33433562688391294
0.7746031563098373
0.14499232519931304
0.1223727742210834
0.16013727733546076
0.28757143957849235
0.1747506040396781
0.1550997138518343
0.20872565593296225
0.37777844438706704
0.21792118370981556
0.2832225910117757
0.2794951309960488
0.3098582867161762
0.2860304337690526
0.18247525102237888
0.3390482060256304
0.2023606091215272
0.2847753152198175
0.31594191067072863
0.44353566180407195
0.22125250184799364
0.2673682902170445
0.3649201031027856
0.5362095779712291
1.4703447815248567
0.49897478684179974
0.22426548557893133
0.6873828296885806
0.29110199977484
0.8221748146524607
0.6433130093473896
0.2155007306616069
0.579529707629082
0.0495223507960456
0.48093869216578533
0.07503069878438509
0.26267227213273997
0.33037016687437887
0.13050501652120858
0.1286471472364503
0.0929838610917775
0.1623912080716378
0.3466536330786037
0.20185753467380196
0.8172999330644352
0.24943838420718079
0.1708655696300704
0.1999814904143263
0.06303668897336231
0.0608593177737472
0.18812224225570107
0.1277697261140938
0.22013839686661785
0.0776832917698782
0.31980127549965887
0.2347712577461578
0.30317186196731444
0.16124876133360072
0.18418778470517594
0.5022754672631525
0.10782574917440632
0.2752785682886912
0.942942238818466
0.40332520150250445
0.13948140548665589
0.3292112935147828
0.1270081167810963
0.25318898713509197
0.10489467405305379
0.1120768873773292
0.36431416140782275
0.0629227313662047
2.036642464085576
0.17403838428557272
0.8334112425789637
0.16426381279527907
0.07944583740191469
0.1619287385724636
0.13848389771113823
0.14796835075624748
0.30096909872293554
0.07118342184584758
0.09893643816112997
0.1103550987332106
0.06520757299967579
0.4255943329119373
0.33096712029278386
0.17955245113036142
0.3441095921226825
0.29701628687772774
0.24349642318005257
0.44509532097727117
0.22188364899475932
0.14988523481447702
0.22489034551811588
0.0927243457537465
0.40473895549555844
2.1062751808079736
0.17638767062770555
0.08342418474799679
0.08803620529370221
0.29272709729030877
0.1913285513147381
0.8273901506276788
0.2944621187658471
0.1510019894519873
0.27547525314616883
0.24960638875644472
0.8252698148652794
0.39909262301005205
0.4729757069941367
0.21364519566314147
0.8079662760852286
0.09168778684291018
0.1082278973459964
0.13262141451895187
0.3721280331661643
1.90802032330503
0.2565130015161947
0.3955991652264709
0.3749502535004867
0.0834294125419453
0.5217557385063789
0.12591512334919838
0.3637479035728764
0.34211572100720156
0.8114753351253308
0.3656745579423616
0.594566624859684
0.1029212934052644
0.4713728870574575
0.19199729776610677
0.18979566024269415
0.1978223695351104
0.658862828193045
0.12111488052239351
0.11738657719929901
0.1551331978007318
0.08477138145024289
0.24113448023917275
0.46862411791014086
0.3438181374076983
0.28171966433297224
0.3309369557972714
0.0387463378307018
0.15699117531045353
0.09000120846688961
0.18559637741374765
0.0660343550066436
0.28670097951778284
0.19624799366498816
0.6335523699876261
0.5024402774055599
0.1166124133227043
0.7214857302887938
0.19953245276313775
0.47996448682488935
0.4350688972424796
0.0517758310224613
0.12176005688295849
0.3280026817860177
0.1230859318848056
0.867395550191317
0.2167481363722344
0.17169537642522942
0.3054991449006208
0.2093170481638293
0.2272210172509685
0.0698356140966927
0.22036320288004965
0.1592013609281427
1.0702527856961561
0.2166185267087432
0.07248358854912379
0.12900143781175183
0.9096355739397322
0.1762037586331809
0.49307012700279046
0.2807147543826573
0.11832048017687428
0.22998486835318938
0.0918121235234426
0.25397853630105527
0.29839520170883826
0.0309634984094632
0.204855248897539
0.38438226170090667
0.3629137325503303
0.1456258560634207
0.11288036402767271
0.23524813660525745
0.1385356161689707
0.18843060618914992
0.6972534999244512
0.22761792628644623
0.12485228925343181
0.39386991910581887
0.339392797470228
0.16332633863453125
0.34125042463204813
0.40737195334559584
0.26422552151588186
0.1835228308714692
0.15329447120893866
0.45652510827967324
0.7675623165566252
0.7476449338690097
0.40347865178248765
0.2035912110571207
0.3041775730852293
0.4843767532033028
0.1263270173742936
0.37321147235165797
0.1441872699597942
0.19566410407331714
1.043884786405996
0.1456805792485911
0.4528305542524882
0.1160072600077009
0.2702276781561296
1.0109848968336992
0.3790972578484085
0.17566162594080115
0.5480583014143162
0.4174266454896896
0.18265040561104073
0.11477604856110349
0.1313953589345922
0.6236933415239444
0.3194241183127034
0.15606056498079451
0.1360642439607996
0.4563494469656495
0.2145398578133093
0.2275339282605958
0.3101817048570418
0.1104759947642629
0.0698164856536414
0.2228986761212659
0.2552765017761631
0.28542250904964733
0.1097516509056978
0.35553948430419413
0.18571261062486596
0.8438874056221513
0.1244280166350146
0.2570449809506496
0.059837238964845496
0.268302964229461
0.4822595504019692
0.27033678904146574
0.0896469413599698
0.1770754115868964
0.1766834555848977
0.09421094054577
0.23062349233088666
0.2059667744401147
0.13376298406954767
0.144348020920804
0.32598453925500037
0.6300955052523478
0.3963239394511634
0.14716396308690968
0.31841271426815193
0.787875333258754
0.21078402705813368
1.1081864892435669
0.3016067370193396
0.12567006111372891
0.7320969550705037
0.592025587340812
0.1118958042313082
0.3308647258525389
0.20513527238654605
0.339347943611264
0.11175107432253278
0.954590439793475
0.08151931912174638
0.2657720106850704
0.922689952535816
0.32468806736697503
0.268828120605089
0.3520275390422172
0.5131784759865923
0.28130000107146647
0.632776202688128
0.06278414547169159
0.08075668481554499
0.2958690027308008
0.4159405308797899
0.20668757964690682
0.19495484635154614
0.3158983197922529
0.5562611996207886
0.1616979791973172
0.11047291702211279
0.2928419778174193
0.548454358034552
0.5975680744061824
0.135242494701918
0.6366417820734948
0.27113779819229933
0.5176304648993545
0.16488342908231404
1.3935505252745484
0.29692820119144037
0.21945699177661387
0.22173411641558397
0.1207663635588446
0.23478025926589874
0.1599533471250201
0.1441630031931788
0.0890112626369188
1.1595201108157456
0.17842267700177716
0.06871955644941999
0.3208094742422286
0.13311866922179533
0.053701867031868
0.11319547316909749
0.0887785706666144
0.5663373701352585
0.7045273834142339
0.11954617612087473
0.15481983055547788
0.1700138401330698
0.8184596917153174
0.1344450492698511
0.3438186505397606
0.1430011736840706
0.1705785201635771
0.8416281723635932
0.10496804870435159
0.13361188397484808
0.14416574964774856
0.1097970770276889
0.22252799691389538
0.5418459644160768
0.14685627104148968
0.1362995983604305
0.22436625079927386
0.2159823054680418
0.35228812693030986
0.28855622227259364
0.0431616747713108
0.040407913740861494
0.10027399792625519
0.0968243917002074
0.19919071749325257
0.5057474251822275
0.36771156977477704
0.0999827345276237
0.29061138692855376
0.7240213332149318
0.16012256775895153
0.22076483453262133
0.052914095551397394
0.7664581585318592
0.17156443480957417
0.34405449483976214
0.1461696620826452
0.3448932758699744
0.24915401119565558
0.2626629356486114
1.1240748554466724
0.5054248591009389
0.6515862732038902
0.17228559747585243
0.1251323920680754
0.5856794514986912
0.4139962415927495
0.6572584135752266
0.11414863147855839
0.354349222191176
0.28012225697580256
0.21015473338427693
0.2180926723827269
0.1545758275907617
0.3309296701269033
0.10901069263134602
0.2695864430051335
0.7822066811914117
0.3233437073973484
0.18051836271347343
0.40311162127977157
0.23325246322072535
0.2428345431463195
0.1034895231339514
0.26390561834073195
0.23531648503278793
0.13794363738295137
0.19582251124653213
0.37164793837794263
0.1813725025857504
0.19518622571148442
0.7493021711008168
0.1547940065022344
0.20204224933667986
0.2031340729464669
0.18078876503513824
0.4703224794463831
0.28631240253779505
0.14873722087243632
0.1829352321121656
0.0828663574870704
0.048801696944637596
0.5938888007545114
0.49197248671185206
0.0522509973014468
0.1560609510661679
0.20607857474774688
0.1455408328625408
0.16756633129912837
0.3827202611458719
0.23300113888429644
0.39487258397377734
0.1431801045090687
0.27373422946353154
0.19552106308907308
0.16373381511599722
0.2711881959201655
0.7412523205393816
0.125569678520926
0.1176291457663777
0.6271183973986476
0.9873679364279864
0.0853898153859964
0.2193686424121683
0.742264870614301
0.12956947392726242
0.1329472436259672
0.2578421666089691
0.1553467007858476
0.8121943032205559
0.1330630526533288
0.1877705400474352
0.047912868896492794
0.2163409027488553
0.4839274410409256
1.3009981634771681
0.10926441112996138
0.0743474077417979
0.7473246525677301
0.16840517347905484
0.343345143201809
0.3746543015850482
0.2641128224343467
0.1782362892286175
1.812885535684042
0.21627913665177878
0.34685671142480534
0.8508167752762125
0.11337066995039
0.19365178953382722
0.11267752670547032
0.13944551805196598
0.49001403762018714
1.7485284162876429
0.10518319001588289
0.05939280887593899
0.10224924837713159
0.0684576772181929
0.2682756847808163
0.15859547151802372
0.06874356370602111
0.127805106087403
0.2910056295571863
0.3015770083143674
0.1521817112369121
0.23112936303704357
0.18877721247669896
0.18830885166738176
0.5917836141617462
0.22474827385041676
0.3521795110062802
0.1066297469685408
0.2380369059843979
0.428123381528124
0.2006790325557574
0.1967429658427271
0.0675000537714935
0.1125400459714779
0.2558066476092011
0.3391520530649081
0.24156647276300075
0.4916702071375444
0.41931142653705383
0.34051119760790965
0.1148964672753952
0.27753369374563763
0.26699487169560826
0.37621646602822123
0.38868166411881755
0.2501253338658193
0.23843625660741483
0.7473469164131771
0.2699143322565027
0.21776402667396988
0.2429028274418989
0.0843090679187332
0.49953251634628326
0.125304165491687
0.1791017922519077
0.1695527466718571
0.9190792710694903
0.2158360548201582
0.1555979702030477
0.22144827740418072
0.35779012283556855
1.8185588106558943
0.20019591850162444
0.16315184271251817
0.1384039203720212
0.9647160578857648
0.1149679495398513
0.32200187818297954
0.12711932475721446
0.16825394084163176
0.1645880392853084
0.1450071894232731
0.2770524599871823
0.09746085892193211
0.13096040725636063
0.5152397185799173
0.33475222252130643
0.3290490306594604
0.26947743814714653
0.7694480519358048
0.059144794631900796
0.4691054543894542
0.3085885379796975
0.3456569501900571
1.0946771270751747
0.4362263891949747
0.31567670477924764
0.3471809303376726
0.13193927564877878
0.2511757637769381
0.15819348461998434
0.37315578657902615
0.1483019963329959
0.19295288591202253
0.1945225477211446
0.1673128119139406
0.7401425603494688
0.2367649797576924
1.8191495459832712
0.1921078914655139
0.0933290853653011
0.2959555276707074
0.13878203502762348
0.23200646801659908
0.572956244813409
0.1759649644777713
0.1297499305011288
0.16941770022558167
0.8241405809438279
0.3247475912897332
1.9150014676639513
0.10067277030367
0.28921126480533993
0.10118594591507449
0.32473953675599954
0.10593378766781361
0.19583733415302632
0.0871428107322858
0.0460090129189533
0.2666736580655611
0.4548270519378059
0.24085906067228674
1.12505545122801
0.1770899642773099
0.40377243777631144
0.2877683131576784
0.3598017200235052
0.17268701779855147
0.6977285154336396
0.38818646893694664
0.16775368849257968
0.5175930203764858
0.10337954597060371
0.14517312339444624
0.1317995892493447
0.29734389197996175
0.666599078721127
0.12897400005518958
0.7391555569791514
0.19589411441367552
0.07780808208798631
0.16764618449299926
0.2857850525906287
0.0685810623706804
0.1797088806552043
0.2606186486263782
0.3027950744181226
0.16800304340129318
0.16170878663408972
0.11753270788293668
0.34749444173246213
0.1103274246646081
0.1424537075083699
0.8166080222583791
0.2571275510698443
0.24410281711533213
0.2921374733819633
0.18229047234501433
0.16785828339319805
0.2928359287748904
0.09229834282934041
0.35254424638148885
0.20121872363101462
0.172833372374856
0.14868421056264433
0.48646110143990995
0.5662918532551492
0.22101250312808113
0.35981180979213356
0.8996688008529298
0.4525308616762243
0.8074997636537891
0.24529777600199448
0.49661492781879857
0.17720889138668636
0.30758023100622345
0.5061968216720594
0.2287794136867481
0.7058356855434564
0.08280205219600459
0.18513311742200123
0.28419514638350796
0.44279415897184266
0.3023109920150761
0.3089158049114308
0.11807494019878033
0.1588250748813304
0.41694577653818804
0.08803126656407309
0.28459432996320266
0.4728406062099416
0.18985229067974863
0.2859467996378642
0.2586740008275794
1.6129423104686187
0.2046829850232338
0.2903913719461447
0.16130647616635652
0.21557154067672352
0.1525688460985047
0.1398925770737645
0.2208708179056174
0.08910647077840281
0.4184072172476132
0.10218159348465719
0.2007896369575855
0.6656377817029343
0.1964671273285658
0.12169659154425999
0.1558268066036837
0.36835313725443986
0.3340653044033687
0.10782306943907449
0.35388542450313476
0.23500422754706782
1.087139442817869
0.18863578620631494
0.15267884959766811
0.0794617301052978
0.1228469761661117
0.23140465695647186
0.1087550614943115
0.04992733773167089
0.24872861223850906
0.6206539970795387
0.23846088217130898
0.09694258128138951
0.3713494782627386
0.1540539662845243
0.3038172211646066
0.26535429265323446
1.0468878154812367
0.7459288425316966
0.1424924777150144
0.5270910527940909
0.08915355958570251
0.1147923025079916
0.08037847039039112
0.8150647385978569
0.3155130212339132
0.18274066148074586
0.2489544414823326
0.34941157956212077
0.3689654858309195
0.26691568350308137
0.337849431828535
0.5380869717341741
0.12360309250896431
0.1690949870473023
0.11179015935773891
0.06019743617345849
0.447879637610341
0.1709842623305593
0.25047851026751183
0.053851515728620694
0.36686015893704815
0.2174529457315018
0.08444689591549029
0.17037372645768756
0.2668270375423502
0.4354922757282732
0.12936844957821703
0.2306346247643764
0.39857733772903015
0.18507431262021154
0.2556019645572513
0.1281667085244416
1.0529555737123453
0.3052112559208322
0.20622519008519608
0.2967197349899744
0.17087098371855391
0.2495862514901725
0.20698793429372153
0.5684567592292372
0.1083503101572689
0.19972055382036286
0.40379451587861537
0.09231788211178753
0.16569760330123767
0.359450358073727
0.32394970748234053
0.15947097581771552
0.1341902697728188
0.06843490903857971
0.15322451822417088
0.14814471676775692
0.17188269133121958
0.1125627112014392
0.1459444035071205
0.1284188771631328
0.16348420623793974
0.0882304660594446
0.21607523325096684
0.0902293328145909
0.5799506412624669
0.23659151745667034
0.15698848341670457
0.6428735315458423
0.3248975564091623
0.1940216200969701
0.3779766911734176
0.2717058425134149
0.16053748106081628
0.3245088372130543
0.5463795744568432
0.39344016753262734
0.0418198606393816
0.0803305921982519
0.09490062178666611
0.11248432794394618
0.17004663838425338
0.16576794896182723
0.43222434945409133
0.16854043592159568
0.13507599856194977
0.2128734368767896
0.496049182916766
0.2188518714819251
0.12374803878717389
0.1530212638708472
0.28831896329742707
0.11457935954594578
0.8555297232623609
0.153585121793223
0.033929362178076995
0.129137856149604
0.8967803892855781
0.4430331224851005
0.6861964617852664
0.13527295234750406
0.2599500730583787
0.401503928721329
0.43675796608774087
0.1517277369768985
0.1626459323391355
0.23965840174545797
0.2208506212859772
0.32494194980693214
0.37547317197693447
0.24541153422384115
0.15000556309403545
0.1124105884324031
0.373772081806911
1.0721052181653083
1.7622760580018904
0.20048753863812485
0.11278427864847468
0.23592143652822878
0.18456808228102942
0.1368682892942803
0.21294955100410268
0.37751340645481446
0.1876479601635905
0.6628711035419059
0.7435447529865931
0.35158845978301395
0.16004858994449528
0.34509879560044954
0.3882437683491636
0.5662943716538299
0.21911490197724778
0.4497262736900602
0.15225926857029579
0.33563216624323655
0.3259246897595453
0.18809771338137485
0.2716091156827985
0.10164605818222491
0.29877683654287623
0.5349066408414519
0.29757367979120375
0.3302514075325311
0.37741354679097455
0.653010634844698
0.1989123256205832
0.7933641753715888
0.17057393935475562
0.2431079965557586
0.15738745697270867
0.0926789800638288
0.531678595810795
0.2380098545981247
0.19258070941829322
0.0848542945971069
0.1419076540355442
0.10277660173361462
0.46647511566360034
0.16272327265413436
0.49144784824278137
0.0850379657687399
0.17383139305325535
0.0522692679799199
0.12078024330334979
0.1501951931787402
0.19797838301061352
0.20128420980400702
0.0694966347078566
0.11812659563836198
0.018747610233194198
0.1048820185405164
0.15940158503723378
0.21757178386093573
0.6843911523076163
0.10524180255500479
0.39705702604398463
0.2491993913580525
0.3386454530412908
0.09224127904988288
0.09914477935071209
0.1802712942724537
0.21094988173044316
0.1463808831856562
0.19462579441768035
0.19366375695194205
0.36132402766393995
0.8206094281666269
0.3170385122663471
0.18264054697965093
0.5328319756373376
0.19652193587217306
0.18988291656030218
0.2098416939879385
0.4069479900210639
0.1390905063300949
0.27791779875689376
0.278035091429622
0.14644943661802057
0.2575618092023623
0.20109091813714744
0.0516348247657805
0.4449086952840736
0.37137654068681647
0.13759969575911318
0.2113000159678038
0.3017085094691641
0.2105475442013513
0.14160535142993158
0.0787950234736236
0.0822721922000167
0.06595071486481399
0.19460607858733042
0.18512317011179225
1.1254246217619444
0.2549151446872564
0.2144856366632737
0.21621564762602832
0.15509634497238808
0.1531923322629956
0.1988859598514241
0.1319402153064297
0.2984577107190464
0.7629604878989354
0.22757711373184664
0.5168856255199944
0.1433194137108782
0.20494219656241844
0.7008955509440135
0.1956504868817402
0.20638074094362666
0.1642419495316252
0.20288684720395164
0.0537065826289148
0.0578404704982816
0.32445637510850206
0.740215144512329
0.0986621560641406
0.3017543724434055
0.1349221708871832
0.2288217064701254
0.10121789148582379
0.1021876527647314
0.22335721102630332
0.40098045841566266
0.7083725809964251
0.146192985663935
0.0922906115013364
0.43886668386383
0.0788111707536209
0.8068324613048119
0.2767821208145411
0.26902138107564333
0.9652158201725725
0.3864763903413574
0.9803745503195012
0.34765854394886797
0.15267347566473768
0.10056551845189188
0.1972732959424229
0.1383217401227944
0.0692785257519555
0.433129980761614
0.11070186470860491
0.3015413412189548
0.5233382548210793
0.5247802190931922
0.2528971488670574
0.22215561401626865
0.26815828996100505
0.22571877394623277
0.3034630948740645
0.47475536196287355
0.1857680463974468
0.4011036537205954
0.21825264690217694
1.1076807914736735
0.2293418799712659
0.4472721477291155
0.1921276190074937
0.3296743232434543
0.17254934914334025
0.1898241111678512
0.2345634267115817
0.42667439903943505
0.6364403537271525
0.36398934873916833
0.1691612334897234
0.3321989328652595
0.20403565457576994
0.15543901021491013
0.5665358766012452
0.39686233126138765
0.2402167332528031
0.0828443416834853
0.40730339853825415
0.23429998965671572
0.2392538940626926
0.19180591888547682
0.2378475969936099
0.3000421976189969
0.1477506045144486
0.22850306951470714
0.0451620136301117
0.11053667313068659
0.18030765944493893
0.7175143822428598
0.26530781255841107
0.24623235384991726
0.4120253815370762
0.08877538408950288
0.11355710696754549
0.43640575658993164
0.7979105024995621
0.3111619058451252
0.7556352352120513
0.33423706556184035
0.11674313911100298
0.054626403204923
0.2452961620024801
0.30491627776064983
0.7065377385008966
0.2147065371030315
0.2182672149588418
0.6363813827486455
0.24617415487634448
0.36779116441110254
0.33609446491753725
0.2445422107424782
0.1000775170370222
1.83060646638838
0.4504913919375516
0.4856764690213276
0.27589284881113096
0.6675604631415346
0.06948110897506178
0.1261654500632264
0.15634634127298588
0.45083310186351366
0.27071503753420895
0.18401301009895923
0.12038606808516629
0.33376887489774587
0.28307318521339275
0.1376936905092965
0.1714808482249808
0.08527940261790382
0.1481880292860432
0.14407620238363172
0.1946688055516965
0.0721514202600108
0.40612043924127006
0.11530934457745104
0.378536646490254
0.16452126880467588
0.18891006659901796
0.15361453251581147
0.24439754451587936
0.17203254049133315
0.38696503404785026
0.22585286401015944
1.037274538783548
0.2956126435393034
0.8411170616897194
0.1378239702707286
0.16910172546811186
0.6965198745469665
0.10640604420426691
1.7809791507359292
0.1577852906941566
0.1774838146303824
0.1388024807813159
0.1425753137866803
0.14647016956161252
0.1741193625111373
0.11563609981191039
0.2918467090013738
0.6779447325081328
0.1531956523297701
0.49545960751832896
0.36208019827180943
0.1567002973219
0.8644559457821653
0.12629291426248368
0.20254998674391828
0.08298147508823661
0.1604730041020637
0.14285581610441966
0.17738163111501754
0.22059398431739996
0.34621236932165855
0.3743417285118601
0.3290681214130801
0.2629856666862137
0.13294315114549218
0.8352508321319116
0.3016908815883179
0.3606856644421952
0.2511361635227085
0.10808384256608977
0.24217624357143452
0.3135436562748247
0.08531159939948049
0.2575210666133909
0.3719305609406277
0.32932909422991963
0.372072382899934
0.5081133314663813
0.30681786867384164
0.16280720606743207
0.36699054334408604
0.4277600768988167
0.1576617700876024
0.10602549197816132
0.14561082295145258
0.46165882967597993
0.542373403987571
0.2983596960919762
0.4444241547227791
0.0742972129032397
0.21098361734625418
0.5279604429769704
0.127242588427102
0.4899341283783302
0.30272823263772103
0.09944378166345788
0.41406533341295493
0.3090258720873598
0.1098917993971229
0.0832398194648559
0.43455773444494084
0.6841186063211173
0.45679428734353106
0.34020460148468107
0.13127563778355084
0.39971784910676134
0.5337559172832376
0.30728464844672554
0.19041712009375295
0.7350268127961396
0.5690127532594169
0.4690399849770481
0.20617782531550985
0.1042103506949798
0.8887845078963985
0.5238410437478312
0.15231598324685683
0.0776425982917315
0.14281872798045459
0.09495915538959371
0.30722379872332595
0.1823226247647463
0.1510633879086172
0.1938416350082773
0.26748735244511995
0.18684395262009662
0.46323387538762323
0.29770060638610585
0.3203171450793695
0.24894387593002754
0.2195620985783803
0.07881751956352209
0.4048105324676755
0.15412269011717383
0.14539452508002457
0.08051873479862451
0.0746230057630724
0.2856107869405271
0.3112580710207993
0.6783365963636939
0.3186062323221888
0.1677292070201118
0.1869916380407257
0.028147125418965503
0.4274406268727612
0.1798126067598848
0.14960740091715877
0.1350350785461612
0.13133998784106138
0.247104505048671
0.1232506540084333
0.07630031911443577
0.18650115274558768
0.21919934455446094
0.1604903537540146
0.36217368189226695
0.26497920305773714
0.1236643288156529
0.0987803760511122
0.5667600798356623
0.10959869554521892
0.23389323255240835
0.488934519916683
0.1371611040253838
0.22314962257647847
0.12181256050861211
0.47516128023704507
0.1451719099024979
0.2808618213490681
1.0797882007335196
0.0686888975991245
0.08624792717753361
0.0653324423091085
0.1340259243955052
1.2042912178401481
0.16638671358859924
0.16490776068747748
0.2938410790391198
0.10900878144783621
0.06928427009837519
0.31966588778043625
0.05220830515877109
0.1254464865948831
0.6547044824298863
0.32240443762838455
0.9386298018700723
0.15928206645615367
0.13620110149976772
0.696361802077411
0.2108667493699729
0.038896400482852
0.41613234086331063
0.15216024202215522
0.24046923025078437
0.2973348350852081
0.26607140525113915
0.14623183634283543
0.7409524797637306
0.044659669462721194
0.1957062476300469
0.0912090571894868
0.37073524290976767
0.40469620992044486
0.21683545192466
0.2153146687080772
0.16255991572616402
0.2641607737299038
0.32905269945445226
0.2004576962659193
0.10206995258076919
0.08441177275543729
0.3121515882600213
0.605876973485306
0.11124525965216249
0.17736331693849916
0.071673822148142
0.29314024774507574
0.09268535479362909
0.2214794765843791
0.1021582412096442
0.8119385392592332
0.1339094895734953
0.24282699877832442
0.1372815619020247
0.36669570310575994
0.20284594078501697
0.6247771527056343
0.1237181387458714
0.37542466167699223
0.16499935341570768
0.19539844984772786
0.22810700316478288
0.7683985672084184
0.11749364930238651
0.06403285708455389
0.21315459214084248
0.23475510152162926
0.4714993540501979
0.30420768350763083
0.13369214192846288
0.1015510750070831
0.0994619217298855
0.2085960999014838
0.2840123037678396
0.0801296118768206
0.1522715706835519
0.0874344040763885
0.22674539521401885
0.21893347060883767
0.1020418596619978
0.5926080886030995
0.17976431198591974
0.5969200229576304
0.2608209016924006
0.25530026549538076
1.2696551018056494
0.1980880578817776
0.1545327653523397
0.123533978783949
0.42171448521206173
0.7047360932144091
0.45366247796618
0.177271790665752
0.1598952942576806
0.23356819662767012
0.26134793162577086
0.2969650735513718
0.49900840229270055
0.3350476194109064
0.2191473327291253
0.3231996060681014
0.19996447808627657
0.5446118230313984
0.3301431996727392
0.8063171685958406
0.6982865421653064
0.4807970218929767
0.3654306799292296
0.40631331458159337
0.3214704182134418
0.11741436861570059
0.35667436489702714
0.3376173375034067
0.19891264236902362
0.09087450393773767
0.23525346096420113
1.0045289240554252
0.12238839038580102
0.2095912689554879
0.23756714369005072
0.1120882605423213
0.30969218142340316
0.668033047785081
0.25624263747517023
0.2331663748377215
0.120361785982281
0.12883763719118152
0.12571622136730087
0.35823761699932954
0.16384338949123198
0.6963433312490627
0.20979158716997742
0.29183576444073506
0.189260126520562
0.2471843930943397
0.3317020631534118
0.076655096953951
0.2525870160001432
0.33387954667980446
0.1084346842467564
0.3090448499564528
0.7183191270902415
0.2001660425932755
0.0704091544007533
0.09999080152382891
0.45480613720628016
0.45706909011211516
0.4205761794660553
0.14609070091693788
0.33379716981812413
0.23046378426682435
0.1359305700770477
0.09746239965807921
0.23593611366342054
0.0994648112650522
0.1267596671840853
0.27727485563371745
0.1471532211310519
0.29541746516559486
0.12149035989042099
0.251216090430016
0.2111173166946049
0.343143665044606
0.4358741739144714
0.21908066540820548
0.2966852437755853
0.18162724122911855
0.11411892658821099
0.1612893950975924
0.3299069960441828
0.2535713794928597
0.27639130866345774
0.4442701416434608
0.11697253354655411
0.2834755732326153
0.1582157913588999
0.4422942558763109
0.2816524402018532
0.08540886312546031
0.1088795230011129
0.062272624333239296
0.8081062267691457
0.12743230358185242
0.2242733530050409
0.7363555886760921
0.3125740539872232
0.15143802871190448
0.1095453168126878
0.15667731799820028
0.1074440847363572
0.09257318734791528
0.5767478021415701
0.11964313985992647
0.0920376779663328
0.22256043079313287
0.4090392422413692
0.3794432547245409
0.2644725517740886
0.1048255958887156
0.11912374305741083
0.4033921958352892
0.13151481642083268
0.08092807702151611
0.2262277200053752
0.07255343321110361
0.0555792275848645
0.5931103431627773
0.1412887255729895
0.5121120883473932
0.1918442619584002
0.23544117398478548
0.25120639561970637
0.3556799689209322
0.08725629235166109
0.26470556295275555
0.26357403237087496
0.45660268757325145
0.052901483952177794
0.1313396775376287
0.19814721803117394
0.6451075373673962
0.4724268766656582
0.40189184660106675
0.17078504738003403
0.2550981871857507
0.3853842334488806
0.7203529165117084
0.0746376943828172
0.12497370510345679
0.20965227856550617
0.0706419566983261
0.15308246737997758
0.1618075596672676
0.3505107190895282
0.0620231039579577
0.1534351238130106
0.1213405769288089
0.41258484309715404
0.337225094599361
0.2770203340475091
0.6104974883478255
0.308678961752838
0.1901759034429702
0.1972625991018255
1.6529263817572981
0.1006601370235862
0.10236638041618851
0.1968932373013677
0.1084315531733776
0.4335164105380211
0.04907189981154329
0.40619986542805053
0.290294301241944
0.1453625354599133
0.3912697407509008
0.41398893367346623
0.3058137641658073
0.3292242468439346
0.31501280155832256
0.11383665656816461
0.11958064166678127
0.16312002348063598
0.23185524893061307
0.4339109907390346
0.650365220688793
0.9481102143322884
0.35789045845402934
0.2578215392073145
0.3267661721702869
0.2899617145659179
0.13268593715238342
0.1430136171796015
0.26314806713930333
0.12174607421795841
0.11524059966358872
0.22481251677213712
4.324581939263922
0.09717688203188321
0.18846356583473184
0.17954453356386507
0.2110301203431652
0.3037533014182079
0.1335125425328223
0.4037977015423372
0.20671598635422386
0.12060128896995828
0.183763022539828
0.2298096246077283
0.1486745065967432
0.2803269944430877
0.09846237495427561
0.19766728002368977
1.0797841810932909
0.43627499592862495
0.5672764169216186
0.0671571281705442
0.09439633783713561
0.0575873550976211
0.039326865402004106
0.08674321804020631
0.1776330975564881
0.11214244168783233
0.12221913874139842
0.2653597122680429
0.18659565334510148
0.5592626583836275
0.8978898488459053
0.5832794353279498
0.4201843570885144
0.37932339929666037
1.148721456637303
0.41021168067761915
1.171334281106549
0.623484856220863
0.3210150261792062
0.17507898235710906
0.27700801924050683
0.38857591852584134
0.0888421379741556
0.1202255238227766
0.6820658013081395
0.3276150421200983
0.2010019119187756
0.27223439101102875
0.1401903491535488
0.714114480338782
0.4335422104378463
1.0939207169498668
0.5539155024326583
0.5098687980936523
0.202592487290308
0.38645022980432997
0.16899709055896475
0.3138603077497361
0.28084516610075483
0.1720150149357606
0.06386079732270811
0.3540316504009417
0.5270885385193707
0.3861748662527027
0.16807124678774044
0.23534983389006542
0.17217672823089242
0.25348431904278707
1.4026154927595886
0.44348334133816963
0.1876527181407932
0.1102029658184277
0.5673172464306275
0.3497848506276858
0.3352453886565192
0.1594597817231896
0.1628996112555638
0.2280025081301253
0.2420778771929793
0.4809909918425448
0.30165617323024124
0.3636051089721288
0.2851227286048508
0.3217510859067667
0.562949989961679
0.16673123355868752
0.3042483521738942
0.4620759145535468
0.32564228970004916
0.12182052438300207
0.1781138289309614
0.1520196685638418
0.25506429863684354
0.3232788606336086
0.15423748808231125
0.31605117194908044
0.13468101416910008
0.7815529089095181
0.27361113162703565
0.690488896929914
0.040761329657841
1.2418161159217056
0.817007776930244
0.44820454919113095
0.2872407092331143
0.36419551406109185
0.12658088724094158
1.5607376794866776
0.6571903566089063
0.3971102380371051
0.2697699330265613
0.1513554602385739
0.0802272434140737
0.14662364774283726
0.2566680653851089
0.6685023130442094
0.13457830673606985
0.2792019212740176
4.818876445976568
0.15782843123637735
0.1973808824224827
0.18037194083417804
0.27428183572922143
0.29407571186914777
0.06802178890204
0.3539694685364291
0.19400756461794616
0.11759761223201741
0.14833984660754312
0.6025340339823262
0.2947463002637014
0.27530296564176826
0.1335524178342783
0.15874621176839693
0.1708146613138844
0.22284626733532487
0.22261518991804624
0.1581057241910602
0.1391901590859299
0.4434229639975459
0.26815663385091537
0.27618951376594364
0.0594052158308344
0.10842984720432289
0.0487154028197121
0.08363054724454469
0.10464602757991129
0.13841023575818392
0.32080527252583857
0.18422205995526625
0.21266123607365772
0.18252684115430667
1.0918698331761842
0.325804159852973
0.28908647580740865
0.1841217687576524
0.0338882976841349
0.2165417265698933
0.1939039306379035
0.18033873872909092
0.13497600035848162
0.1710906409885693
0.1160322580890473
0.47121714137061366
0.28253573814928445
0.16481823078610208
0.22812904811553508
0.08121485245561501
0.05342652043338161
0.1925495906725059
0.1534420911447297
0.08021931853240283
0.12820163354401057
0.4089529136888565
0.26833679180835596
0.12123146843265567
0.6503949020702531
0.2030087788960817
0.17144819750846552
0.13908193143707198
0.2515393747562836
0.5111727050039325
0.47582943788551607
0.1687904346397662
0.2180863662741148
0.1631940598428581
0.16189664228259967
0.30847818954920037
0.22719338631646208
0.20264515022317725
0.08575978288973099
0.1419913161077403
0.1822484498470972
0.09039931840399079
0.19122294202395984
0.18121777191960808
0.33039244485985964
0.13266329946555622
0.1069073721026996
0.4328316355253615
0.274469068554415
0.2668695542988627
0.09481625564944962
0.284219290998252
0.11183009135464689
0.109282508235263
0.20961462152838956
0.1540812639359244
0.22013877626470976
0.12258948162721958
0.1275147663916053
0.371685739448108
0.4333753271998625
0.11754964853818228
0.23797744145015526
0.2389928439106624
0.18449789566289998
0.3640160562449365
0.5929382824165139
0.26211104085562587
0.1626926493944035
0.10935401528353768
0.1909496835136971
0.1240625745157922
0.1274947541477889
0.20472208881365261
0.1980089650101219
0.22307725005738477
0.0835244909646861
0.2883160228195651
0.3905859812830996
0.40696255797889463
0.15641961537532778
0.18727222449034062
0.5435876669349553
5.114902947628626
0.35177765939958794
0.1078509808166247
0.18293666736987468
0.1258066408036177
0.1480569701862864
0.24409057508296989
0.16799544697433388
0.199502837544862
0.0698863200773063
0.5921499113145204
0.22447350495208074
0.1333646814675935
0.15114381590291126
0.1601480164602126
0.6042560283827985
0.3500316874749577
0.22784562978508346
0.0800960655820513
0.10368482298237332
0.1289936845988828
0.2678149757629513
0.08300994146560671
0.15714440471995694
0.13032301455025272
0.15707272802372496
0.2386891755501166
0.7656110234081981
0.18480602502985768
0.9388815334602267
0.6073677139568971
0.1396570980935021
0.047868296182121295
0.09462903610949552
0.1669103271752406
0.23310071692234233
0.10240761535117804
0.635472163905729
0.2662235999356153
0.36539785270425296
0.0968709661460656
0.32811256430857033
0.1566515143976874
0.18404406477125757
0.16931117380621544
0.0716914044860271
0.40742035797974346
0.1679954960666345
0.45798529769377283
0.0627051351803484
0.08071179503054629
0.11775813046730682
0.11691269500671131
0.1108601087978418
0.26603339595353326
0.1001922051854861
0.19133549569927258
0.1736547317869158
0.15387822989865851
0.6757619985296457
0.21542993346815903
0.16119315416918328
0.3809440387424028
0.21809236888122802
0.3033596527319656
0.1311891486822812
0.3999727835090987
0.19902757423385561
0.25513973391981143
0.29915454692740284
0.062071817102286306
0.14918326007941018
0.5468065202636534
0.1845597946126092
0.92437677543329
0.5380023107814944
0.1105005521201444
0.09890313784710689
0.06693295319552561
0.0567775691038392
0.16124844944108482
0.3603266119314775
0.0548466230689961
0.21710680606311838
0.1105384007287569
0.12565071161685432
0.23497626378993208
0.3885691434962299
0.3925723175715885
0.21002000085528222
0.1687110823025732
0.37188950049351854
0.20418189642750678
0.0687856585060668
0.2675483329329269
0.15443387233787081
0.13012257613095618
0.19976446371870848
0.2015118696722386
0.2964045169037822
0.059355396221070694
0.19527343569827021
0.45155791698336967
0.6445843051007283
0.28414428683661613
0.4924040673342793
0.27941428702004084
0.6648764214397392
0.2921786752732212
1.0419004763491877
0.1347437569165295
0.28881223136934625
0.2702238152971562
0.2503599410220346
0.16909718221701447
0.14027350630889707
0.47448064853801286
0.17507467044788694
0.3491199426996945
0.24511334146279806
0.1526310448522985
0.580370432213828
0.2905688960064068
0.1885666623529229
0.349544987082813
0.7194845826093098
0.311655973488993
0.23252754869469583
0.1988259075664472
1.3588048202423093
0.19175933062450506
0.6744912107090797
0.7745323304803391
0.1322958546459458
0.3586641972924325
0.457040308888496
0.9841781894592163
0.6478214798633366
0.3689319991765232
0.37205176388659644
0.687723237146987
0.21675830317463873
0.2026719432863525
0.39492505394630445
0.3636320285788538
0.13544975714712898
0.1530286273546337
0.26271477450749275
0.26064481213892987
0.09144515668973818
0.0865516553785797
0.41970029943021664
0.4681810314545668
0.23353423639383697
0.2715833485716266
0.7831601314768074
0.470848610869363
0.3108734555036713
0.22018187103200682
0.996364478613977
0.2942314398403949
0.34427123513419167
0.3201919277315935
0.3694946162618212
0.7396897255215524
1.1975752248651235
0.6535799138103059
0.18802679754879767
0.575752678784926
0.5336938763518374
0.2420966669583686
0.21839031090791533
0.9274938073623956
0.7725737613907215
0.36131949059260243
0.4842372579315105
0.7623291501148348
0.17877194524423123
0.22220629105978212
0.7671468564303393
1.3597180351350624
0.2342540590325266
0.6240708771507972
0.0727484317315744
0.25826508702562323
0.1513123422279592
0.39674845205076376
0.1001622543363175
0.7176055863762882
0.17187770428336774
0.35501374187694357
0.6003632140030473
0.0889776697752674
1.3193631896273668
0.8134269317273122
0.49236605611194806
0.38112827350287304
0.48789329718842
0.12258095460380829
0.4248408244174392
0.7355923609511132
0.4828918761332317
0.19927642486319266
0.2907079750639857
0.4385251718568756
0.45933540923847965
0.6253812918491275
0.5070839114435268
0.34004045554031614
0.3418409154780461
0.1818774942850845
0.4547036972546582
0.45595287724815925
0.8609790719876749
0.2801921958324416
0.0715324572221826
0.13108858299413279
0.6529990805065593
0.18399916338385292
0.36348418460320253
0.4930934517959853
0.4413147485985785
0.16553875264394363
0.1911162862145401
0.21226505095318088
0.6248891111307384
0.25025801405550036
0.3185007566540176
0.22619180264867675
0.5709161995040958
0.2693950875506802
1.5943575428205936
0.5093829282507174
0.8238214373263579
0.5954344050145917
0.8143526462764187
1.2570755156117548
0.1819935645940794
0.14273593876809731
0.503020866775926
0.43895716590613293
0.2017668412658877
0.19964579231324828
0.27674893156293506
0.7426717303201862
0.48568485775752873
0.386131172075728
0.48376332561543023
0.34087235849201825
0.24358327817854863
0.33621860865393094
0.3644471645373074
0.23040337393431398
0.44887284758980694
0.252846583290741
0.12591946612013422
0.5490525270394143
0.2266212882070015
0.48132787378746245
0.1270496106600209
0.72054889324766
0.4610965970701378
0.6465395238007823
0.0867257111281407
0.1329257329125823
0.5057729063013765
0.3009386368566842
0.943731025750563
0.29702823555762203
0.3189865695544441
0.25640380217270636
0.22015345790381669
0.06589287870804789
0.6371419708079469
0.8873227477042245
0.19302266581777616
0.6005371556043482
0.2010726991908865
0.3248888511056896
0.17213253952762286
0.13338795094593442
0.4328953908639317
1.1175971583429147
0.2698915510284457
0.27640628371307047
0.1367954757789648
0.6044251149505314
0.20201760909324698
0.5896207112412075
0.30016349433442313
0.1634960040110596
1.1907491683820206
0.07050490246033331
0.2910830886366515
0.38683375043288626
0.23509735284062927
0.6670290880988501
0.3788878173276562
0.27163352934477836
1.136409447623342
0.6021596981683792
0.3998396893496293
0.22723656488811644
0.4705948866308509
0.1409758506560185
0.1544582202749193
0.6781506250128824
0.30903640189973824
0.3459810323808485
1.650013723363361
0.5130213098191344
0.17933674030813693
0.8772169003913474
0.42264762674286493
0.5923357036627305
0.8555117035394999
0.1906726274999652
0.8740086917354875
0.5909396784049553
0.3357100051224522
0.34539885780746715
0.42636285837869486
0.26992177523887484
0.1502233084457468
0.1673885450572829
0.47049931137730705
0.27119731067359026
0.1626145453047153
0.4480497963842878
0.0838133634970412
0.1759514794786846
0.20087249812025143
0.6734759853801822
0.17909066454633188
0.7148334337685718
0.26776926012590574
0.10077315316150398
0.4229400122455045
0.2987522618335977
0.0831326856314244
0.3046074099199648
0.10649741225807713
0.3103368669947847
0.8680691150903468
0.3020565953435298
0.5954475857968027
0.26941497247201196
0.43314145660637327
0.7508457595606751
0.3253846197032064
0.27558218193887907
0.5574096359716182
0.2989699193725366
0.27671442981819905
0.5181197008615571
0.9607279064400374
0.036973112149654194
0.4411006749726525
0.5301930627849574
0.41767413676221454
0.25582487949594
0.39405566020297345
0.462603101512994
0.1722918619234677
0.6350101234249819
0.26130584063030793
0.4916429841767871
0.23849162343685243
0.5075747161117614
1.0353651702454347
0.8052897548206921
0.2506917700901086
0.4314356323706162
0.3544518927467718
0.2720035499026876
0.13060331868911745
1.0355144111648003
0.2207311812263717
0.1311071914084519
0.1049754931811473
0.1657395446478048
0.169605349327826
0.378583324469015
0.5795153058171079
0.3717878931783171
0.28013999971817666
0.732333305961038
0.5502579154624087
0.27576905720822564
0.4587987104813203
0.3047505826853027
0.6330398677367989
0.7412428116106264
0.1770964452800845
0.770123929652023
0.1284890371758714
0.31269660929681375
0.3534050970144056
0.3862988486984131
0.21201387566538105
0.2145359626446806
1.1665013348083066
0.21511546373337243
0.5141955246595699
1.0663059081604596
0.07914285194152981
0.6049954621560143
0.29400798081436424
0.1356510270806664
0.1319224261087652
0.4063069217388718
0.55132918682684
0.23616802966152517
0.47302897079784634
0.7690702213571841
0.21892388146167913
0.1051467769893107
0.1838793009285179
0.25524777589556913
0.39322160215049046
0.197545691002711
0.7232131564506841
0.35573037086207193
0.44366714440441524
0.7302035425292326
0.13940851342007152
0.4959789610403761
0.45130387486864804
0.5391370990473187
0.2151793682771023
0.753253965520828
0.22471275441125277
0.16454192708315807
0.3290621673605959
0.302622685939458
0.4556580781779088
0.3744307764559086
0.37376208199554617
0.15198143108024229
0.260956545382086
0.7451033255755234
0.10713179726193231
0.17397214032592428
0.5293556911120451
0.2233248309326246
0.37934670249183844
0.42665994857929274
1.693193664206539
0.17717043423532453
0.0658928514234582
0.48055786911833537
0.38475908128278075
0.18987393966020044
0.3982689733583707
0.2955681739720878
0.2843052285143485
0.27999240998433383
0.6638076876847522
0.3610949351308992
0.42688316091712675
0.3146692502668423
0.6968672842914385
0.16673579768992502
0.5973191208897706
1.2042346086261548
0.2515110721004174
0.6750804705965671
0.5232078255780082
0.16141949526655902
0.44412834779317545
0.1346930881796915
0.19726185412631522
0.128981302755697
0.49806110469985787
0.1920446654423605
0.32190607368587176
0.23746654199029013
0.44769503243008196
0.25413208957242517
0.1273832088392898
0.283308956798088
0.769213126615669
0.100791767111659
0.35240258185499096
0.08763610459446641
0.680237968378762
0.452070806966828
0.24178182662867737
0.3743680108554884
0.36392117761666476
0.1845318228295593
0.4803418966101296
0.2787512406085958
0.14439158872548014
0.254006219902308
0.24642699221259073
0.21235534607867643
0.40384513654890203
0.43884674887144937
0.4551680067831098
0.27575913983252426
0.18081279230077094
0.22807937974649908
0.2969445461866275
0.4593103906361751
0.8041642014093755
0.17174946783056572
0.3455643614202276
0.3927196974942742
0.4462263643893192
0.544251221282399
0.7750157692727404
0.14636601534769306
0.2123189652843932
0.7475913084655128
0.32781611592134086
0.1509507692456594
0.1103316626084013
0.7799422853032997
0.33008049149791163
0.8772565588850018
0.1682576656803285
0.3062295716024469
0.41589590669848414
0.619203400192203
0.45504194270981
0.20020205015039996
0.42625921064248795
0.0896574135621876
0.2129341740710315
0.1538302182386463
0.18689600290182534
0.513314822661312
0.384704651790769
0.18050850064722318
0.47799717806900865
0.5636314815902559
0.3073092133098674
0.30057556145664294
0.392002508713324
0.4254759860086712
0.20254837106357887
0.2551468573836833
1.337409099431166
0.16677622871730508
0.22905190645197993
0.4292630418847853
0.245494731926093
0.09601434615319779
0.2230387723844808
0.10969250494245979
0.4412338433099407
0.41696493427192866
0.036763948574340996
0.24965899521754778
0.18774688955237118
0.37756103265345076
0.469064766954429
0.43167081991240336
0.21168109370025234
0.0752397626165389
0.07629664879364871
0.55659521777424
0.189506438118915
0.7782476201296518
0.31081939536943165
0.0961039714812428
0.28717433957859884
0.19215643576380326
0.39926742592513953
0.09271370331194481
0.18109896306678402
0.16946188721616798
0.2408543651240474
0.1403816735170638
0.08696068564903942
0.0980542277940451
0.21117607186405363
0.7695868379311163
0.0854275410074736
0.31248447334029195
0.3098365117334657
0.231490605482597
0.5583814169740939
0.051189749750381895
0.2035803668300113
0.280766263639186
0.23867978273214235
0.20322793898806668
0.1025407710466116
0.2777282933891544
0.26509826207161225
0.2941370708744269
0.28075495146466317
0.0985253579719788
0.18781645605070924
0.5162832958588812
0.5557257193002968
0.170212389744472
0.5070910705886398
0.4940656939881526
0.1511040627287832
0.33452156641512987
0.3185349307432917
0.996305822501591
0.1945440244945607
0.37552892129412874
0.1586606927724315
0.097664528578739
0.21636221973008346
0.3578272320936781
0.19075451012100092
0.6885622471417019
0.0893292831681587
0.133799113629415
0.5224857452316853
0.475659180347742
0.29561866813181326
0.3346729194844298
1.1547141709905036
0.08339218244732849
0.054159148666775694
1.0904072139009697
0.10869637125150029
0.40565535053010676
0.6395079147899865
0.3567568911910679
0.3914943595864281
1.180891981506899
0.11673970409997439
0.1839734634669343
0.5973493136056766
0.38503402268326825
0.12996998169654417
0.18708814685672634
0.17298902333878613
0.33949010017735004
0.1026345893547295
0.20716736349309914
0.3020293646256263
0.19731260769296755
0.1438345763568071
0.6524569621099022
0.17936670328019935
0.8337585514375212
0.3038798513037937
0.2198909989138948
0.42458595603646243
0.33361843700019367
0.2548724847620964
0.3132984867973133
0.102177232834823
0.43613171021730107
0.21377324691950128
0.1740906591557814
0.39775271655426553
0.5504993444724968
0.16896423419866027
0.24972857259675915
0.989865774364762
0.2101350554463162
0.4416677500682042
0.5256537913590796
0.6334226865624519
0.4777450894096896
0.1439536581382052
0.47832164410386524
0.17049626900927678
0.4477777370220188
0.2884472646649049
0.24273785025823832
0.11125529342567941
0.8003879084934127
0.0911879042452739
0.2596573027585437
0.39262065969871984
0.1337465896378316
0.1967860985926441
0.3994130473408076
0.1879188409422709
0.6613427428802399
0.40753252144484253
0.2767203959815657
1.9993490644394474
0.3349160397156489
0.15459942548494793
1.1758150363933852
0.23299132562769015
0.15878316091122752
0.3283643154811656
0.163699594384439
0.2953828294312204
0.5631468649839353
0.29552222784967386
0.22852638080458637
0.1077851629761038
0.5529197898343615
0.1362009973458231
0.16868452578372706
0.29187915892464045
0.06453552956113881
0.3931603993664958
0.26913296985456736
0.47036094595533867
0.15037273380495972
0.13376786020596682
0.6820604316699389
0.19776784980585638
0.4533803362240071
0.18796338123125572
0.47416737351330857
0.15303759144399381
0.3469212733722277
0.4606609002247142
0.22969954305840967
0.1557006404913151
0.0735685269268179
0.836828563812811
0.28905397053260473
0.13072320870980697
0.6350500681202254
0.057763949901930706
0.26692585714472794
0.657172054953331
0.21936836231183796
0.30003155863006553
0.2892172559485383
0.04708776813688499
0.2651755245722399
0.19807694306536272
0.3164358141218686
0.24290270951710208
0.14521693832889182
0.18121393475132677
0.2835699427384419
0.3405600337128945
0.13538272262622758
0.1433231169011381
0.143296847168353
0.7478640403443726
0.7529738250755382
0.5831993927531821
0.5373616703361895
1.0755844135050836
0.34319061608182677
0.1343768882767073
0.257787949638116
0.5114560306550021
0.5147755407021071
1.3935646693341834
0.1264136040337925
0.371943491780208
0.29080545307574157
0.21517394888798827
0.2422704487125969
0.47837680799839155
0.5111548110521965
0.18258750033342921
0.4108684442252609
0.1928794131676756
0.6660963339790674
0.2114660510760104
0.18963517900346294
0.32989578503586975
0.13012397635911083
0.8973495676870618
0.3317785461239873
0.20275062919129572
0.7197476815703518
0.1784109535295805
0.22828573517404105
0.06612467701922259
0.1154284225570292
0.21199736450945422
0.1727381946378257
0.25563217011876416
0.21046951022283739
0.24900375746162207
1.1874119351826542
0.5187799782184456
0.1759252938543751
0.2485330757846055
0.22200200439551368
0.669477476940276
0.266493674486736
0.4931191295034485
0.7229864169655656
0.1302532798669118
0.15829922719864467
0.1685014050329124
0.14199489874896248
0.3512135968150376
0.4580795452898216
0.176568907945524
0.143947757041677
0.16713777282492975
0.07968575182491261
0.4372805587505507
0.11625625297522828
0.026536994262466397
0.27934651310490866
0.22830409517958708
0.3336458064792916
0.9192308887293444
0.16920848564147012
0.2840594119182571
0.11680992670344761
0.1911430648515774
0.10210577795286711
0.23768516230636028
0.127546942310313
0.5577893204333368
0.22122264911493555
0.24871561080678478
0.8294664480650467
0.11502682282128751
0.10363284667389461
0.427825487376277
0.1353695215221496
0.18547765404150712
0.1415120374075476
0.1725272055620706
0.6910660811169492
0.2664282128372813
1.5275476521967986
0.0665818625278773
0.2875320891917626
0.4642638244686138
0.1387400229091905
0.8571537461763645
0.0605761714399902
0.24342176942880805
0.5712893652281829
0.2374707989206219
0.05004012286090549
0.7147112675696852
0.12396988010855473
0.07877601160320921
0.21184895018739067
0.162894777774916
0.3360608847794362
0.26682864689300406
0.2389827391105799
0.5092023486786517
0.1121533008679102
0.983535760522668
0.255368208096883
0.1619469778205552
0.16123715082381032
0.3252926012148977
0.2620707422049391
0.15394460164218882
0.33281472066762
0.713198408113842
0.5416915800433748
0.1699386958101839
0.23015538419827675
0.08337649778599569
0.6215597438552426
0.4507515279285215
0.46971337459463025
0.12421208969061431
0.3913128284334104
0.0692643503455683
0.3336241448523863
0.118814121531066
0.4615586401178156
0.1417817371089998
0.1924174593244874
0.36297420169077166
0.2841672266712707
0.133082229899842
0.1638149982269081
0.3096492385848946
0.16744686990184113
0.6158780358612248
0.307891725979459
0.3691849291279913
0.13285822324780378
0.30911769958312163
0.321997318089992
0.18057770110609317
0.22675804603479383
0.1869181813247497
0.082396195261112
0.5039706606109347
0.09487098145348422
0.0880493073258809
0.22236538277068213
0.1651231424243751
0.0956669414247327
0.5373914473297414
0.3559924708482157
0.2808376613236723
1.077746348857581
0.7750516954002068
0.4441888985054341
0.17253091648029156
0.2531009669275772
0.090637709217714
0.4248693218157158
0.35952451118067397
0.17924988298972688
0.19713046470575915
0.13840589857367191
1.0278433253635226
0.14178943547002598
0.1261497333426027
0.5418759189733866
0.18964678364605347
0.23141619071082742
0.1474631542009812
0.3160442499765956
0.3613610258560521
0.19860957338392118
0.18983023152164202
0.21251880451307567
0.3956254658131817
0.3446077172149686
0.27275286507011703
0.11141630925840629
0.06700647361236249
0.2385346443994631
0.4979154742148463
0.13126741583998552
1.5663989378204972
0.2690765012141149
0.7562182996508345
0.4099804867132383
0.46378226688299545
0.39700279438086417
0.2194693446919046
0.15415233225665997
0.4216218407898199
0.49223554897803434
0.7456974976161914
0.19694954154299074
0.11213814350593508
0.9728564990974793
0.29811327731542336
0.07283636576513682
0.16933643201306028
0.11940912566012672
0.23090505562778002
0.3597563305958579
0.16545898045342114
0.2796043098619561
0.1714210483684351
0.2739056857248032
0.1956296782804975
0.1430890293125036
0.1290903853387372
0.4680227158295784
0.2091640939661349
0.3731794629169904
0.100641730234886
0.16600613036095352
0.2989125719266411
0.0630211443823536
0.20023113993702835
0.5675845791022792
0.6293922984888883
0.4448022208925495
0.4730748268792534
0.129223656946653
0.3470442703831606
0.20447288974382177
0.33193859919069507
0.31938524288390474
0.39579937591454023
0.16696851763864942
0.1879762048873298
0.3057377145959216
0.3457493648568651
0.29696481527816
0.1612126997133328
0.4713077768036904
0.0781176573663524
0.6208071432672724
0.6698740468904291
0.2923090615453471
0.15896989895627983
0.13346484522204433
0.1682602376548428
0.7202316669851256
0.20332137615014992
0.1742865469740461
0.1538281222872554
0.3228833156448423
0.3214008589145251
0.5973509036312223
0.1858005785690726
0.2596223318934859
0.046566246271358996
0.38034114732408963
0.0964073091696059
0.21960628657828352
0.7749806466432774
0.1132529781478586
0.0818979938122288
0.19549722994090865
0.3892343632940777
0.1173915070548977
0.26779184052920435
0.1459016907880063
0.6983550517900927
0.18178208045462418
0.2160997079939211
0.30198317790576634
0.5055090849143142
1.316700535527151
0.4041811990838178
0.17922374882943493
0.9964129387208345
0.4201124988289005
0.35372072823161027
0.234224347593501
0.2572567913180896
0.12055399854268142
0.24849667519205043
0.0580370469970376
0.2000628378318526
0.19521523389239293
0.2832058348062104
0.1324482451794302
0.1837188466227842
0.16126430945709352
0.0801307053880603
0.38700952545888
0.1817358175239429
0.3182427661471414
0.3825967328414428
0.8369686148475444
0.2972622824707759
0.34923264120485686
1.0996987850321311
0.5057661169294984
0.2905293064535803
0.2458786252212077
0.1008857367221983
0.38699301767490146
0.3554001380233334
0.43795640977596273
0.2120827606477345
0.494910860115562
0.22926531841554093
0.1523295056759296
1.1104745641511182
0.24321052207629146
0.20090638796784344
0.4727209967938328
0.3962192236354054
0.1833580289685885
0.2143518862422551
0.1195901646639802
0.0911065627091521
1.1845931957181404
0.23798063198224323
0.16598818731109927
0.39374132802386785
0.18813040359731636
0.3471263317074044
0.2554739882537589
0.09676593777306129
0.30994924527041146
0.28206490341393864
0.18477557940932526
1.1384719913159198
0.1020149618407717
0.8320254669171137
0.22184261385705029
0.11238435016496359
0.3514089344228131
0.2322678389029883
0.0632287485661906
0.2532498268214354
0.0915290928548538
0.1967347297726033
0.25281603132636177
0.4405388064861031
0.07387174151664559
0.14119672429930383
0.1413535404584176
0.1284458252497371
0.0305785691882398
0.4479051132049366
0.3661206681359488
1.0497942529658122
0.22531154268653872
0.30506757040875876
0.23475389070534697
0.5132576382377279
0.33354822550967506
0.19276356523576663
0.22177920795629508
0.6615380839961753
1.7871589024796246
0.37041802679121394
0.3638188839708681
0.45743174521606944
0.7149128972771769
0.17002572536426522
0.3158271544428609
0.36766837171038075
0.4274257767189411
0.7069524631285765
0.37207268054915454
0.9457881318729717
0.7712338884817812
0.062339664939043304
0.19388640556651576
0.19914146985479414
0.2595889690942054
0.8360348048724423
0.24499617211762895
0.2500420328057548
0.10293812171760608
0.20461688947147716
0.2370427824104503
0.6567132609218242
0.17871842551965073
0.2414233629901881
0.4119315015104067
0.5302724577186644
0.19183583680276006
0.4765459745104479
0.1565288868469295
0.2446341548566506
0.18556581569517266
0.1641645894000347
0.4620406332540036
0.1182568416667819
0.12320811368290509
0.24362687476120104
0.0843895725596458
0.3706628316554029
0.28110499509037423
1.0320122886218739
0.15491863733944822
0.87970435215505
0.1795872582538111
0.3953914691500994
0.9145525406340441
0.3731098660011461
0.24055949489440034
0.5461560801584577
0.1941972606984139
0.2514845048095259
0.7814263739387265
0.47996025181468954
1.0780336380560531
0.36297545942129933
0.349680902028163
0.1710985808576204
0.21829051972169106
0.0794223118255202
0.34108361083650884
0.24543666787827523
0.15464280977030598
0.4234731878665463
0.098558873163268
0.0968028326197856
0.1510156752323537
0.1627355219272389
0.3459133672958274
0.3475388585909124
0.20098654981078867
0.2059377765562937
0.41136324994150597
0.5915007901711123
0.15465445109400663
0.31888934709220607
0.2687617147819124
0.3962894674543039
0.10803711218540457
0.7124518693816826
0.0385370778860602
0.2159739566292495
0.3135286719725096
0.38138986764115684
0.4855574314326503
0.402391378194884
0.3595984173686071
0.0916089497772646
0.26723160641308563
0.4857956592860184
0.3542537733817824
0.18085857816370632
0.22711079671605547
0.14956450717733508
0.195046581525826
0.2444301515982994
0.11190809703132111
0.1268900939479029
0.18206267245815197
0.42508832936771
0.20139688574188785
0.2687007360711825
0.14953403787647732
0.34074892398310447
0.2533287786453879
0.8700036276937357
0.6235017811658761
1.227597900882417
0.5053734119008295
0.18583010813985085
0.3165057953201035
0.5024776927559436
0.08873524613720978
0.8477035763820384
0.11096594225568612
0.2386209629007051
0.5633626962903988
0.23508624653002197
0.8529102894003409
0.24468408123707253
0.2040550346538368
0.3722662984561415
0.8049537999385032
0.1643990640678397
0.24768292484479482
0.0972387697546644
0.11318056313304528
0.37605629704613097
0.1657134335608406
0.1215389051878098
0.29269363097348544
0.37151220125502477
0.3437692083409431
0.22755828900868483
0.4493295946483415
0.5703579100962166
0.32550880867864546
0.05704823684870881
0.27808651309668997
0.21849161390506572
0.6016429257427076
0.33950637607081696
0.1646938679469347
0.5719855662608833
0.33674408346623463
0.0887485692620683
0.6030928758582518
0.31742104681094274
0.6719559611525652
0.21108834527386103
0.22416483935735346
0.19275066660401685
0.3808474681743923
0.701030355138275
0.036497569631270696
0.5179647975628009
0.38639614281175405
0.7269735700610142
0.41565854915150346
0.23666795763844128
0.2410045721966522
0.1858734567208501
0.3562151616957102
0.1143855612657678
0.1772833458429063
0.6810873910295863
0.612421256289767
0.24468937907959287
0.19228933560364578
0.10278378882705691
0.09429705406760379
0.24731103657954306
0.38515991331446775
0.2141628376167578
0.28389235323113055
0.09290352734130261
0.4171442574547455
0.4690447708377808
0.5462336438444956
0.1325149415433429
0.2304006352387724
0.053686934150205395
0.4142196448011529
0.26941440952905876
0.3047048862842976
0.60238568965272
0.36615276862197094
0.26151944249825443
0.7423781423670286
0.6178232043556217
0.1009300614288471
0.2911975084338191
0.5382475502162607
0.17355766858301708
0.19503444148701862
0.3550450848495823
0.37579236680434924
0.2464941893949018
0.41869747843060046
0.10715031666727709
0.3235677780795201
0.573972776942615
0.1242766505565124
0.22374641235372936
0.21032459176496227
0.5881739060990681
0.14643081679454673
0.11692434255212372
0.3832830112834381
0.3492331403961715
0.26649378078561126
0.1465290596451048
0.36290875517376564
0.23246383387573138
0.0963011739595302
0.056222261606725596
0.41225287476235273
0.2002628561841506
0.10705842405823547
0.1282855895388362
0.2958287031614949
0.39529603811809844
0.2848166650374044
0.19514720238371458
0.7592170772988571
0.28343813938031165
0.3557643791736014
0.6643819147315966
0.6364991600534752
0.149925382020464
0.1551684637500637
0.5164892527620178
1.0924106502648
0.11268510961336801
0.13818771937372398
0.0653907565351248
0.3506426888737857
0.29256410821669604
1.0384781581765636
0.1677963710673391
0.43321121548195757
0.35186258978726626
0.3104138518022131
0.2413905798609226
0.35336404951769307
0.3812981188689337
0.11958563428055251
0.04980344771739931
0.09100573648253191
0.25437677407615567
0.26922114059166535
0.35141296232842534
0.6190797722130708
0.17307192223860046
0.3650721070144641
0.23757428668141534
0.22874564690396038
0.33398446398950743
0.4868172980990921
0.29477951240235667
0.12648420320827242
0.1084752595806732
0.48106760311867025
0.42181425898894986
0.10551825383866692
0.4439518346624962
0.36033743837070864
0.1057775960061137
1.1185960471712202
0.38597089200318646
0.1647387555880691
0.1105259836286242
0.21367216468106862
0.40870690325006365
0.5046886667228294
0.07056618697948239
0.39851543811217477
0.5676071670605924
0.3302094778577497
0.1569510257145686
0.31941677265033075
0.5880139917079271
0.4338682843985142
0.5229056144855111
0.26613256458768964
0.37285737011612463
0.35578404843293104
0.1253949351038032
0.6049606868679808
0.26690533631960783
0.5377752748152933
0.22291373004116433
0.1454479615827145
0.0828547659169656
0.3743049900127743
0.687715231039862
0.4765096398063622
0.29757789221739156
0.2578855768849034
0.25540924883832977
0.21177767201444864
0.07423803308157481
0.42383591544251586
0.1903521617321366
0.1860848226700921
0.18799066149294322
0.13712494760745078
0.2085756303318943
0.13713776531517002
0.2901870086755207
0.10064118447228351
0.06991773599866931
0.28740401849609665
0.431115299971249
0.40191628720692274
0.1932103531143383
0.09246060873450998
0.0861043870980278
0.16330413618101447
0.2500547311034439
0.28536350932928856
0.49231083472016257
0.5150589784391911
0.16659437045104034
0.11135274396923082
0.6376018077766377
0.6174508326920471
0.25604703277091667
0.1065736544604473
0.2976878265239702
0.6403100552016665
0.1522301472778211
0.25038790343882644
0.1526410668608183
0.3981374025366382
0.5112632256256191
0.1502964144436098
0.12643174967341606
0.1481760275459167
0.309739859013799
0.0861822180487879
0.355964265977814
0.9705007858598771
0.6463410035243826
0.10656929432514792
0.1235647701714228
0.6185444708985476
0.2998230699290452
0.15479523300598058
0.1002998551987205
0.12155099448792789
0.4679398848086984
0.054960519473944994
0.1643463440474322
0.24839105811417173
0.46271243480390034
0.43752618241995717
1.3672100927869315
0.2225867527599345
0.1563384336381074
0.31189719896260426
0.22166516510701875
0.1157455556553906
0.5060866881700217
0.46661293545806515
0.5665784147253202
0.16151844018059439
0.377689777367872
0.268712220729113
0.37916738665342453
0.4566391026727752
0.09113258097773771
0.27277746128060626
0.24815966519749455
0.18114544960240844
0.6851004723955616
0.2684738879971345
1.2888505235695105
0.28851523553542097
0.19802028065658706
0.627864858802172
0.14592328859183334
0.1860213437408807
0.15884415513507555
0.4502447693656879
0.2666275252120019
0.3422995654432275
0.5762480385631829
0.2225780142748538
0.0813283281689579
0.7236556110069738
0.21560790423653062
0.1920787851803954
0.1636835889768882
0.45063745287195756
0.16532873894564598
0.3962100760289866
0.22690555280508473
0.0670057500719531
0.08274294240760101
0.16667181396344405
0.0548801331344141
0.0889476814234619
0.1676828101437649
0.5921765493185943
0.09586691097311059
0.4537460080403104
0.2107403473980547
0.15429414118428633
0.08065430190803599
0.10829125268818181
0.2003796835416323
0.2670368138934024
0.0603558588430371
0.3694125123798958
0.20157187296014
0.20021349216672693
0.16643450647956784
0.19881116936205617
0.38818372117068034
0.06247906214022539
0.21776441797488177
0.3354249403848513
0.16372253518614402
0.19005206171011646
0.1319723329639848
0.08814585874805701
0.11040878525580489
0.5598404221632799
0.42655626935352886
0.3178592976928362
0.689356309759302
0.19938038509565048
0.3723545111705814
0.25956842062926366
0.13870076227376688
0.24824727750473077
0.1876646430077836
0.23399011364149674
0.2574005065513022
0.20893979158460263
0.44897408835727015
0.14145847874076697
0.3134907338289394
0.34152799533140554
0.4623347121677963
0.10393008978790857
0.37340070860392177
0.4300292906990787
0.1793315353302754
0.14536005807572527
0.6475889653240179
0.08497577979167559
0.11076801561845492
0.5583771894775682
0.29987582248854755
0.13625723725743
0.07754330850779641
0.24206267037087037
0.26048361697857864
0.30132072960513057
0.3569584841159445
0.2286571749847617
0.23335790287153302
0.3300537963232631
0.6266176725690178
0.43232018185122345
0.2159675312756491
0.1568400667894438
0.4536790042753869
0.19253312272271275
0.19753055463694205
0.23530538038059293
0.12667619276937991
0.5378745513142377
0.16839054833946618
0.3600602092677292
0.25532068530819435
0.565796868342303
0.22218454702087154
0.243451964059621
0.1368283371356156
0.12144638213767449
0.2461853544763492
0.09707924560903668
0.7022110281599356
0.673178282337318
0.12104052743180788
0.3360729769505657
0.6911239090561001
0.3181815992557963
0.21488209738854208
0.3430311758932948
0.5921826009729013
0.33823050562342744
0.11611091721148059
0.107340213426036
0.5467532314740686
0.35558996410253363
0.19921748673215411
0.22911694302956087
0.3384597046896504
0.21013799943830838
0.3740444329017684
0.39381046885759163
0.3478495126586657
0.06870968631108632
0.17540909230509263
0.3861025518096839
1.102180229903822
0.22962486440971996
0.14724937592905168
0.3648302597353028
0.48690978347743524
0.0389997572153881
0.25234844601265866
0.1502096913249856
0.3308890758808699
0.1684635637400606
0.4033013000925211
0.22997247003700036
0.1937038158437314
0.29180762317806586
0.0743767693153678
0.24188577358235386
0.11576728286688379
0.11353055383018809
0.35305123703881586
0.1256155185294625
0.44171512734744334
0.29446433907493463
0.3140496611017962
0.49382262141208133
0.0805402776431524
0.11807036162784262
0.0432795175196599
0.1725097732417629
0.050074343157157294
0.23474089994714875
0.0844857756514615
0.1079816287253167
0.16623141790473434
1.0890529129615523
0.5323569363154349
0.142655132869644
0.8317388604324963
0.0541676351801856
0.8476122916716997
0.3099529272889844
0.2754571344146046
0.2514390105780222
0.2427571984428038
0.2887167059345529
0.5024906680199586
0.379612922982203
0.3842215165306639
0.0813634626011356
0.28582631389500224
0.10969471205884232
0.2240234811324852
0.1569344600078964
0.41543322351741085
0.35956503171420484
0.09780682033509419
0.22645320196320684
0.417824427487036
0.22163794613984494
0.3121965745733102
0.32412700379958714
0.3366423486324284
0.2988801124699207
0.36044012697994965
0.21162067947359353
0.17267585848594458
0.3292999788827715
0.5647286813976284
0.3160234627793231
0.1928723954993152
0.37561926658758527
0.6000312930926339
0.8510762258415262
0.47116027319222253
0.3374245568808052
0.4581913195725082
0.30091097299739233
0.37815478232304034
0.13536023317783338
0.23800852178654752
0.485360218696715
0.2497493359431378
0.6333985747740275
0.1710711655575548
0.3915849116205933
0.19666739347911152
0.07835359264713311
0.20676626317864116
0.1170035830858189
0.11823564782352389
0.2012531902367651
0.23824211079096036
0.5720289498805313
0.3269617106370237
0.10092519987203862
0.1328091471849764
0.19322330286755798
0.32160921355051075
0.2473140155130802
0.24258366309945684
0.0971527228515672
0.33904426686491146
0.24685800956384413
0.3553559867229168
0.20199074530806696
0.7354079305349
0.890274874780461
0.22201084527051113
0.0893085488601378
0.0865868448779948
0.15043757889750248
0.0963277755835273
0.10523936883178238
0.4138644095556085
0.2388712542705413
0.1289263552379603
0.29579164590536544
0.23461630716759405
0.0897832285135586
0.22551493156706892
0.11115520046019729
0.22151705452701015
0.1698889398584542
0.9901341368406962
0.2276828633164389
0.11095109349299981
0.7909627611951604
0.21158820822519464
0.19894647065477108
0.2896887726022088
0.5684201464185197
0.1471028465538546
0.3151723128259398
0.534628212576891
0.235805282713728
0.35540053720839354
0.09744225233903811
0.2991755056386786
0.3818487988047441
0.1524225896576076
0.46341717276656574
0.14547629734720618
0.2932526178799673
0.3699685080908993
0.628655169591766
0.46230391133619486
0.12163873813426776
0.35226947250606955
0.3087890868356632
0.1401787423329388
0.34693683198229613
0.223018816158721
0.1427657061554602
0.18777477118310432
0.18333358446348078
0.19789863123372184
0.1852965226810964
0.19863356866532814
0.2171055707876916
0.5689012617698239
0.23789376127537634
0.350869418054509
0.5514085556395367
0.4137261844688984
0.1360257791236966
0.1822876210168918
0.12173117148647011
0.18705841718911853
0.4172797031432528
0.09759864371534749
0.3257332522139944
0.1349121945350954
0.17013549306660675
0.5450922253012143
0.25448599185140897
0.17884447793434155
0.2102131691840703
0.09423033984050379
0.38570213979575496
1.5236385637333547
0.37462552544684996
0.2117311877783875
0.21566061846046858
0.0726170336696985
0.1392201550398295
0.1135106407608351
0.2521035806008518
0.163561427114423
0.41571022855158096
0.7551952726172413
0.0964145374475141
0.067750508605169
0.1896336689556202
0.16111401824653407
0.5014446012189218
0.5441751735773985
0.31936100122710837
0.2855253938325431
0.17561413947516077
0.515281808212961
0.04826953359870329
0.4453793391354083
0.14206426805794814
0.26836786673068247
0.86934235929037
0.0988169447825179
0.7108799598198341
0.2103758306841953
0.3532784572543667
0.19752971567703081
0.2386427239258644
0.20002724277017422
0.357368311663451
0.20601921472913323
0.17451404622136918
0.46844624345262914
0.29529822969141567
0.09950233030997689
0.1164620057845609
0.42814768464812847
0.1913845504398832
0.27361681334392607
0.26245612320806405
0.06929304307917042
0.37726914565905045
0.0968001298096496
0.0860425273095086
0.2862268814252474
0.0173933142614116
0.16259665135666063
0.2512393098346681
0.3006410929219305
0.2250280784928053
0.34357095107235647
0.0952425096332969
0.45035569132778464
0.7299361973489759
0.1504982308794851
0.39648886580417053
0.0731952370134724
0.37684977188456364
0.1895236335262741
0.39385826230562343
0.380291476723569
0.6253128470902989
0.37329579834672766
0.22210402694149003
0.18757247723783427
0.2866025759065403
0.127425771909562
0.12321751170992079
0.31490569206284924
0.2958429260045469
0.45477297713989495
0.3517979478487268
0.21515453700769582
0.1444598083901607
0.10360518223044489
0.2534918538411323
0.5934765147784041
0.35530555044268186
0.33009072575325726
0.362965725737017
0.09250999495459669
0.6830479321184288
0.2066467372456205
0.1888424455010374
0.114865419240516
0.1009147410140088
0.2885194468597804
0.2010811023593635
0.3264345980527693
0.20866736458215396
0.3031708876296863
0.39616584667808263
0.1798839736280451
0.37809406893709846
0.1282200014687097
0.4219991653045413
0.5247420680428939
0.5957611790769054
0.363438040072232
0.5792280699463341
0.6220062978562195
0.2704292089673927
0.18035807946971488
0.34758331310900165
0.47491962042873737
0.2691393489459399
0.35439112076302337
0.0773064917251222
0.16842285835568932
0.5390138796076922
0.24031571532245533
1.1513949221251876
0.655866096305618
0.1632396375182412
0.38646573311557725
0.40020332215352605
0.7401741607494965
0.0635614143040294
0.18360612109396912
0.2423746281789376
0.32467731893603113
0.6019593331060729
0.2474024479783679
0.22825131773700957
0.2163529319239686
0.247725115929427
0.4794394023422286
1.5249739619150335
1.0223037003196886
0.5466891231587538
0.40663007372480164
0.2500546912316788
0.27027043626645236
0.1762711434851201
0.20994535580408122
0.8063168606062199
0.42192820461191255
0.15045631244450042
0.7529897719242102
0.09763500109597589
0.12100669704718629
0.36053027812967675
0.5223109944336298
0.5989481258391207
0.1937303881330845
0.21692977609918268
0.34537443862266193
0.31864525438642743
0.103936482382827
0.16142862359109292
0.23052867711866284
0.29886345903753186
0.6288525965299607
0.41352985213525906
0.5931016960439073
0.7555272899232055
0.4019070960257563
0.5817785337524062
0.07345364039199981
0.09663271297866391
0.913914874808047
0.28488527482458326
0.11639899566037372
0.44679744792868137
0.5010841531398044
0.6795403388406418
0.7279645247069371
0.38255407176481726
0.4080766752683079
0.8389800319164901
0.2609556438566488
0.0800714131084069
0.8595107817174532
0.6188453138033233
0.09587954925593972
0.4028611157515955
0.2955161389013118
1.0596290990513304
0.5907162687929695
0.24734014162757934
0.5693920997562624
0.3642189148218194
0.36875995949243534
0.07621659913271309
0.2468711186617376
0.2232967710017071
0.28232538034133037
0.10648029574549649
3.650708997975493
0.11136160579207609
0.15411442633168038
0.6385640484325803
0.14820024445327754
0.7806112173820448
0.6317766425041214
0.6105749737740684
0.1956574538479679
0.1509632314467954
0.5890062082583438
0.6559984634443362
0.3005692841235602
0.515308169901459
0.16804799782155902
0.4514449243816543
0.44638367129328943
0.18371505358484924
0.44562162878936196
0.19111166735003285
0.16606465298152528
0.315003166816584
0.6053003519665808
0.2203429787905415
0.3956759376448906
0.3695545984754368
0.12481850678005671
0.20567489782105536
0.21775114391009254
0.21141480033286625
0.24404387188370885
0.7012954995336786
0.384125787596016
0.553709133791596
0.6976586791494739
0.2169927412224173
0.45060759021752733
0.32159877455675945
0.20384646751310095
0.2886616751810225
0.35313723529529906
0.5661854661476486
0.470794864569571
0.34199459249065284
0.17553112777871147
0.0676513266946081
0.6962843080409692
0.2762264863777121
0.3246456267606449
0.2532466036919554
0.29898886677824965
0.19418657708975107
1.1459686489767766
4.319789000866043
