1.0246813241236927
0.13474376482255823
0.0963622404537223
0.07615490833608192
0.0468016844596459
0.16962362214204454
0.16385327784873288
0.24225010262714539
0.19417734808443823
0.09437254086172618
0.1522874986690207
0.14683540663132544
0.0708320319530424
0.06807417297313641
0.943363752169199
0.20660289315031746
0.13763553668883885
0.06775504931606702
0.15800365783526182
0.22441599934423942
0.3095905209350964
0.21285300571839078
0.44554154618416186
0.5816506594560316
0.29605922435075605
0.4160362141819096
0.6901168586253962
1.1295881076898873
0.8717221927978289
0.8065537363098588
0.3525933454710607
0.5200110883753628
0.9463809773055896
0.7389052606172545
1.2749082201536561
0.2525932380659813
0.0682974099719572
0.13228660948986043
0.3221930362098343
0.10324393562504278
0.1378230581996972
0.21815037934698864
0.1935652528819848
0.1675963272700471
0.1881028667015959
0.4176266191397308
0.3708974539212667
0.0334886784056545
0.171906256434658
0.6542645335021655
0.8535531240417739
0.06210093810802149
0.05730516164632513
0.14151733647653758
0.21507897677940702
0.5214422904277798
0.595223148117119
0.4417337418771512
0.4035562361174914
0.668121214339694
0.3890643049971495
0.693416582431549
0.17514933426811174
0.1780593600542757
0.4735720326243356
0.4085426849179352
0.9837935114588117
0.5577223885087653
0.7200906179974798
0.37022037834791
0.7677858922972239
1.3553241249807424
0.24915233158716485
0.3328429390785941
0.30674745883317067
0.37070581284697035
0.9998404418680653
0.5856196399651056
0.4367139993533231
1.14315740760125
0.38630581819654225
0.9594618606478185
0.7370272109499574
0.13408015049358019
0.4219345106354013
0.6415078555186828
0.9007340601707243
0.0796180938274868
0.3096584410888944
0.8511955139782122
0.14652194854355793
0.25409290809308854
0.32145364196187476
0.19531009097955593
0.5893899424977448
1.1896738623974892
1.2892267067497318
1.4321068712004188
0.3388490190645549
0.1100352300292659
0.4552305941227308
0.19615673535368938
0.1314260837741786
0.23892961133714502
0.09004366482202242
0.1400816278507311
0.2885079930651846
0.1094288258164383
0.15822991886656507
1.5181472060151813
0.22777309776689025
0.0987931340024305
0.1431143285293335
0.19554086341503685
0.16864854561147619
0.1381645103160966
0.9878703038731678
0.16587162663015342
0.0940816310942956
0.3812203854661255
0.18140426723481967
0.4065695320162004
0.39181336747444423
1.0185483791490553
0.42058992679597784
0.27172281187769726
0.5610158915936971
0.77342884483335
0.22802088381120858
0.20242503800440764
0.27671379018319275
0.5686179345830479
0.5352195003762514
0.4696018813354404
1.4378295956309186
0.17886184086102339
0.17314365334637621
0.4162519146800558
0.5334857494901468
0.500903185943522
0.10752553168533929
0.1068635800789731
0.4266484292808487
0.2141511387260803
0.18483372529779962
0.660370800690069
0.37059315680755167
0.14169060871922695
0.2546201025339595
0.24016197040751536
0.1009105538891281
0.3391042461904484
0.10970923398333991
0.27257600980079044
1.0959785835000952
0.30190613579181713
0.4875722084558267
0.1485911056669146
0.26644965408713217
0.38677199941426993
0.3692441514968444
0.279024839978003
0.2866771388485923
0.23012094646204884
0.1521779398278113
0.08464510586120888
0.09454460086792232
0.5690785133216959
0.2135981690154416
0.180657952421885
0.7915403050760081
0.3074943442737674
0.6418147023397771
0.33057216369653863
0.0760349292728792
0.4201754683343098
0.5941168851458009
0.3974751294147272
0.3833401275043887
0.16397645927516083
0.316144433798268
0.20881113673528978
0.30422926551102464
0.2174675178619003
0.4793302713134645
0.16141045586429342
0.8013981388030043
0.26985449828936736
0.2128795196997054
0.159968502254754
0.502841524582015
0.34250489540558104
0.7445473459270562
0.5350152183558616
0.908008517428376
0.1121152050486851
1.1911245055119832
0.5148641035367758
0.5229608345453473
0.15709520730512655
0.49628284649956067
1.22046463606595
0.33174037909999987
0.6028017473817522
0.42206176259510336
0.7504354627865439
0.9281553396160622
0.1401077008178007
0.39140808371231034
0.3295445071586917
0.7933131718206146
0.29799429264364147
0.38958073398361925
0.24906586074530332
0.0851362513992528
0.5337560864205749
0.4011674096449046
0.24762782701922958
0.8859649600792747
0.6896354530683699
0.3826330927157072
0.8209546427542338
0.37326472391669097
0.718334077923901
0.8694899198399455
0.053187255273422496
0.3435743163140176
0.1376697069998217
0.05237308030472371
0.7665215158769958
0.2918142594179881
0.6397437533013314
0.24841276624074418
0.42951020122597805
0.2688814650621751
0.4549822578306878
0.227128414877234
0.42598722242009385
0.6277858220518411
0.20765382350229405
0.45366380137138307
0.7082506605527837
0.9921631205552662
0.14742294623173224
0.1752801930810657
0.23783232260828707
0.4408333480089853
0.44212523302727813
0.3540444296488064
0.26782034624324835
0.583949127097839
0.41944969274025623
0.29267164368550513
0.42682731118370165
0.1830160403867642
0.3276543804499752
0.29523378363746666
0.6832139540280482
0.19559874832767202
0.137010579047578
0.22307755460382472
0.25054243284201355
0.1384167842700033
0.2550532439580634
0.16638982170642352
0.2110059081079307
0.16133403058770363
0.4098092178059203
0.35186896281480723
0.2592827918023922
0.8137182134730303
0.6275615504183997
0.4220018239026604
0.256883955931934
0.5014464619958928
0.44964484082966194
0.5265016329280358
0.15747432812482032
0.1594101791283385
0.1469427692042273
0.18092630751375532
0.17510793378456857
0.35100423887905635
0.2521122626592624
0.46648044697385727
0.5463257706805462
0.23967003786145877
0.2347054165164417
0.4560654251982159
0.22990473635202785
0.2691680802326608
0.17265635613081548
0.10342276157164841
0.5328889238212842
0.4433415891899487
1.253703936392721
0.4049533320580868
0.3571275584240979
0.1914773438732573
0.7289140569460784
0.1199171148696146
0.26481055973686574
0.1829041964618502
0.4571892331730284
0.5285307698900931
0.15952127557492898
0.27842690573200163
0.044628296407475995
0.2491525959265949
0.1626876049781847
0.1160129395958228
0.40549775697179885
0.157426574550139
0.1046963811169864
0.1346219967417419
0.7502292839591148
0.6910188025953061
1.4064037832737162
0.29687465079052394
0.25847067786509925
0.055405089768877605
0.22489280515338703
0.1193581190525386
0.1486870628102806
0.208236793440012
0.19097036292698552
0.15054833180350918
0.48346276387884557
0.2236232073069528
0.30001138844731096
0.5612952353297495
0.29104076475671936
0.39270927089310237
0.19053243572812859
0.053760334790685704
0.3536460276109946
1.3465527810412095
0.21236475278986588
1.0995108166268488
0.1779863972656007
0.8368674417886378
0.126685463156337
0.4058080886254226
0.170864138888685
0.7489262778649138
0.19357054617910976
0.21319904454318814
0.0887140082145817
0.5055726616722525
0.4058134679339548
0.5217551334748163
0.1538909053512148
0.6975228738505717
0.36783290383124895
0.21213918127428122
0.3176051618381907
0.4624329321643325
0.44748572395617225
0.4926484432634364
0.5769788311664612
0.26056842744807857
0.25268439805711945
0.13408873733914878
0.5162172246200536
0.16205412480510922
0.39958672733779105
0.5186999994609653
0.3270115277832377
0.2758273390867001
0.206640931078521
0.3528866385088985
0.8540528695489892
0.5405109489354988
0.26040330613130125
0.5093691954373368
0.1993361632273056
0.2931418711005913
0.2786282928197269
0.869189856934439
0.4752766624756777
0.34526878624902024
0.2671346747097927
0.21904880704684218
0.1996215184866718
0.5839927288486393
0.10207622564977431
0.5102531970718656
0.3362337692601237
0.7374200026518827
0.4112493564619816
0.8556851852369596
0.93606187976294
1.0623670647202106
0.1084681167163668
0.23147243910726584
0.1769688694878671
0.161766114173867
0.38327053607469597
0.37759636419681347
0.27591955667805634
0.09693817373371749
0.7874941414642604
0.23188444961500496
0.5872347507613339
0.12250336296878181
1.1464693376149762
0.14253003769611916
0.21611529596895934
0.14078908467707518
0.2925800221072744
0.7534633711597364
1.7884914912148515
0.1286226245196141
0.07789379647411139
0.4063132940511527
0.221916428501863
0.7381864494551064
0.3141055719717704
0.1855610364106886
0.5236856593216568
0.14412738465144126
0.1315594509266189
0.43680471985212777
0.46053926658708566
0.34169744191396084
0.5258065829155656
1.121488331810171
0.30408115392010965
0.0984883085010001
0.16540475788392828
0.8023445181957134
0.09987065093238862
0.4432860899640663
0.22056895266358562
0.36213294610909075
0.35286295207554336
0.3722994344980488
0.18886982904578342
0.5960913997562582
0.14705031179155303
0.1839398527361722
0.3137507643847563
0.6223040612484396
0.3841822184051138
0.3611341314082227
0.33652550075590526
0.33932623632563064
0.7245923349681762
1.715180396424584
0.3160375769705941
0.2214404095791481
0.5904882172722712
0.32437977663269335
0.17757861427096164
0.5893676571366048
0.3185718881201939
0.6996684551737723
0.45609055288039024
0.18033812622468604
0.4140086653691747
0.09678570486450569
0.14130644027531108
0.9529835890957015
0.45980764613713443
0.17343028599872848
0.16526773255973817
0.1403013919822987
0.6253329928833524
0.38333119283146927
0.19757104000594627
0.5237917410433252
1.6324775157664755
1.5575089713636712
0.19033936960976053
0.26814312498158555
0.466992927581879
0.4401758523635344
0.20033582524285679
0.1001086437173695
0.1387833313183085
0.2239922903274036
0.5066183593649985
0.35196042983800163
0.1563469665870009
0.11079653109560741
0.29512244043031877
0.4328699060796399
0.3411075469522475
0.11105741075341101
0.7169722429086858
0.46917607207131495
0.43344682520267264
0.12366938461558591
0.7746290255339282
1.2469753579862453
0.336757036596494
0.15813447282414322
0.0603615420720994
0.3158861114042667
0.3591861919052064
0.23334702078399971
0.18260561256187421
0.6624437588558179
0.4418480138041877
0.22223624100353345
0.1919613032756601
0.24862785812772925
0.19798267910290376
0.103615501315338
0.38323984196385774
0.4808355578615755
0.25946818520915815
0.1793186361135294
0.18597631868483572
0.20792757368175604
0.8330872827676472
0.1368581443757858
0.7244092432883515
0.1579658327984881
0.07210211730900021
0.2500062746201881
0.18853164260008512
0.735229471261478
0.15170091631974017
0.3014138713890227
0.194639674828011
0.506869518731292
0.5633310446918197
0.37982604947772436
0.1413443911284578
0.09006640198512869
0.17851438273853587
1.0292969332852249
0.5701271944431019
0.36477535289085866
0.1024434177424526
0.17479685150718477
0.4260888192281733
0.7403919621905627
0.2684855845500644
0.30384592640941854
0.3410565755899988
0.11741428505112828
0.49389226867564934
0.3334695368417131
0.38548584961571514
0.2876279493142566
0.14146580719994611
0.6393785394206002
0.21496855147717048
0.1641609604539067
0.1295190484788585
0.29261749558766487
0.22727761016739528
0.3429182768554776
0.43947107541548336
0.14455667865841293
0.27308583230982586
0.1718824369461734
0.2314135722957723
0.1223975277291383
1.097901672185579
0.23492358453866388
0.40620295053199973
0.25560426973890826
0.204792153420568
0.14909731145318078
0.23228669677340485
0.4551136012274751
0.24415793845565495
0.8043162701947641
0.2424498303736839
0.36518224898870466
0.1745116470327213
0.07704564636786379
0.14048713770899707
0.2916058201952296
0.2898433046417034
0.35171088813057894
0.18396685111734895
0.18390340209760028
0.45163435623402637
0.17161989130754063
0.33292987878708463
0.19696440572623905
0.24321115330199813
0.2844798728825884
0.3404253371182938
0.32214067704206134
0.27983006161422214
0.3299459736625939
0.6720318652248068
0.19260643924056872
0.24477879702490857
0.20296636676206892
0.1466747756441195
0.2071608518009722
1.0098697216678465
0.2546619350217378
0.1425114175094817
0.07456851765939489
0.45036319600746694
1.751658274321753
0.3697041016910592
0.4554001782084798
0.4761097824268744
0.21279622861759087
0.1212598690883151
0.20308680136176127
0.7160757099307922
0.1397183284693827
0.37235886373773525
0.7803614637856282
0.28924584775914103
0.2385551294020297
0.22540909531981068
0.422721213206454
0.7950933840858219
0.5374783599561053
0.8163422885284044
0.32274997505695974
0.2734185442934361
0.13814419335709752
0.22337985422087775
0.2954934459600754
0.3201229666625389
1.1331693140652401
0.811476851167583
0.3711054353443982
0.5723822784833485
0.8311389265716402
0.10615068895280522
0.3641737649527006
0.1403152120316337
0.2238946783983916
1.5865405352980768
0.35858965915907953
0.4202331025706599
0.4072866800238765
0.22072462203206583
0.2095313798492278
0.1315626294616026
0.6288718899869249
0.07021221179079482
0.3617025552573869
0.3677538910173561
0.27662092152374074
0.0696508109461202
0.32912080977288904
0.34568241926200827
0.20975300937812918
0.38640749662114265
0.24755957050979951
0.28965259139533694
0.552762485984796
0.18548607676664192
0.24602223824192956
0.10141327141172349
0.137720122071819
0.9881742218372185
0.3678377095391314
0.12292319782359087
0.2850305072408419
0.4810870429256666
0.29482659119780025
0.6259829058501729
0.3352243934053558
0.1709382334017276
0.240676818439165
0.31689709095227225
0.318977873681315
0.3817128693707381
0.1346393047164223
0.20099787386911566
0.5181279270050457
0.1107527265734547
0.063699847985468
0.7945691390220816
0.18992862631782287
0.34500761893753307
0.603260321458096
0.23787648620464596
0.3020448414564635
0.196700450171372
0.3590196138985061
0.9007564039691764
0.36993113130292504
0.2930765411271353
0.10786828040045059
1.059325055677647
0.11462560235364071
0.2018484226839769
0.20610480134956669
1.066889596904789
0.1611533026762123
0.29815459890137325
0.1723647774867716
0.14662627307895637
0.5295058422474571
0.18910596029658738
0.5025809772299646
0.2092591044073683
0.5278841310853136
0.32271193496803696
0.3309812746471791
0.19019585889610724
0.18005418368824222
0.37692255669841923
0.1611318536214004
0.14233757523145327
0.3058263870713711
0.20871613381684181
1.2535767620230658
0.058928757161965606
0.49284740124204907
0.1454045580789621
0.15628037599417258
0.4950744451293446
0.116784200102411
0.4657013574600839
0.12230909840818
0.22556105233639182
0.1955996175289657
1.246680805303795
0.18700048815893483
0.3718160844894074
0.933743732728527
0.23148004928720028
0.1944309716282597
0.2614118242059635
0.26852766397620015
0.578427620436217
0.3478903273463457
0.3664443712601652
0.1031747426843673
0.2631653850030246
0.8042743735490137
0.7783346460260806
1.060067544277193
0.09813461638573409
0.08044046004492061
0.3200240324606234
0.40171116620181546
0.4942946075117334
0.0864309117442936
0.147520534859936
0.413651042675793
0.1554510056535883
0.07590050899605719
0.1113233465407877
0.6252555656117305
0.26743188752238306
0.1818342565481391
0.18399334538031104
0.964137304846617
0.4147791248368558
0.4291782677600941
0.41242165958707694
0.26977386274453746
0.33348081750674613
0.10035398718733561
0.2146145739247574
1.1093647751415503
0.2613607392542393
0.1675571421587294
0.20220799137427484
0.09007064118626591
0.6636179080637443
0.1608707174523926
0.5284834321307593
0.10206316467482582
0.8132599531869388
0.20598464247865556
0.28410180390976447
0.1563006048119185
1.1147859397663527
0.0810814243724349
0.13790195438587388
0.7643705930116631
0.3284119842943025
0.37809052489533745
0.39065851161179477
0.1706291843787506
0.2379914676186676
0.5185162935186112
0.2031853496216719
0.1639246298881526
0.2028822279729004
0.34119615583716956
0.336190990928047
0.1920345675561235
0.4681546366628562
0.7160851388324901
0.4033522167066653
1.0429289349812678
0.3980961623918988
0.1277728875255303
0.4548047933777104
0.24068840830966007
0.2658393009672996
0.41532059591175835
0.3247320193842698
0.29790473730033157
0.18395856063481592
0.548944506172786
0.2647390917363561
0.10025803647643369
0.2597723817572316
0.29623047152245074
0.1638217088794756
0.16641414222089787
0.9336705891425635
0.8178727821365466
0.3750803718464673
0.35024753122696717
0.3789048991432234
0.20734219454087682
0.25692593152812804
0.6143177344240431
0.7526892657431975
0.2348556170729722
0.0283718082927723
0.6572724304176288
0.6931900906347431
0.4254956343083171
0.5372503455681833
0.1149955243472318
1.081420734301352
0.24832650296219344
0.10469999836237379
0.769885004749358
0.12370624232492966
0.1675933564868318
0.3925839921670781
0.3544649576555812
0.5259809899882836
1.481053173460332
0.15050820402832588
0.1298100695534826
0.5801370337376379
0.25224140836042847
0.15692854838983858
0.3923135339031639
1.9402791736010228
0.47220586551785587
0.7254006719195074
0.1386263070355423
0.1218501305995841
0.17981649401100658
0.36423821351112873
0.29231569302968574
0.6090317708843828
1.0997750562279136
0.3490467433399197
0.4012146478783558
0.1279729088410813
0.3062563302887793
0.17141086139796682
0.1516774730474654
0.9235083213460884
0.40169346161042463
0.4147646373438517
1.697475929456397
0.0136088955939671
0.16411687086094612
0.3136039067155653
0.4649433207443475
1.3544196309427063
0.2451295479146578
0.26292780469951166
0.1132141928283234
0.0983990410417321
0.1393798644416686
1.6851795178336557
0.251564759916705
0.1433286064002999
0.7623074196711443
0.31427034870554016
0.3533882662145528
1.130469045850103
0.593470566397347
0.48692748327021385
0.8221148507001769
0.0555286416728496
0.2029250141492988
0.4252516943426066
0.17132694336766877
0.1437043860074041
0.0939764745928503
0.3211624077861319
0.23737653171039347
0.1732607849853369
0.3410553127943968
0.14658313140278761
0.5713857207143136
0.167697899766097
0.06552776189011081
0.24500338458846566
0.46915874388997597
0.32342117455673663
0.6519495293504893
0.1104506465741914
0.22413323811274655
0.10600833220367761
0.07857482866765178
0.15068869413258532
0.8873340164794066
0.0597552779788246
0.6908138794015479
0.13574728569210243
0.29721505329610803
0.17691476801048506
0.4244602528412541
0.1419550669898521
1.3318994016517758
0.8474916684521436
0.18830799718262747
0.3890666101065405
0.2677699845169748
0.8433508796886158
0.4774836803027085
0.1546590953963759
1.2427891024156965
0.0701397138872121
0.08572737139638449
0.09130078672574041
0.1471800106992886
0.1475646391539214
0.15607631594857418
0.6387559566631269
0.2450262163579356
0.3213655507317783
0.1095996783514338
0.7001879094159082
0.18222989746183352
0.25947578543068456
0.26024710321869876
0.0690210959367871
0.1982852415958416
0.24199548905559026
0.2173361373749208
0.6384944333853249
0.6317344513147759
0.5716168630545442
1.843477780304628
0.44481654582819213
0.3602031657337639
0.2223352704111555
0.3269791600449803
0.1248656823727047
0.17049774671895204
0.5934947118833209
0.17995562655329578
0.16201003697117508
0.17643309307568106
0.14223589441379708
0.17156319197480557
0.17904438744835974
0.2997534316201267
0.1252305017538713
0.4571100323326711
0.24679437539249421
0.33278596257573034
0.48615462649752944
0.48047361876184763
0.16945606283338951
0.1446009267748298
0.21281301007936615
0.14453270209221808
0.16539865979025772
0.38836451300807395
0.26373624473721213
0.20531681956403866
0.31543001472787174
0.07968714557541282
0.108725930957384
0.23624233491970106
0.0518173624699971
0.2702306318552079
1.056280492790291
0.23613189987756203
0.047317034033411795
0.1279998703516094
0.8482138779511886
1.7628734693265713
0.532400028863785
0.1904880836058091
0.2478151300117254
0.21274262141611958
1.100579807075353
0.18821838835585297
0.2124173742232297
0.29517533726595724
0.210938293813423
0.0812974710142183
0.16195979447872097
0.30443664658119857
0.32245452593038376
0.1913227301517351
0.5112929644356815
0.32394396756324995
0.7828003881262778
0.24133332897450108
0.22007710565197022
0.16661880947104635
0.28757143957849235
0.1747506040396781
0.1550997138518343
0.20872565593296225
0.37777844438706704
0.21792118370981556
0.3642024823905518
0.2794951309960488
0.3098582867161762
0.2860304337690526
0.26727817691510347
0.3390482060256304
0.2023606091215272
0.2847753152198175
0.31594191067072863
0.5919752749912537
0.22125250184799364
0.2673682902170445
0.39292864677910516
0.5605836854749882
0.8074307353702082
0.6303411933371431
0.2745460799229567
0.7458567602820977
0.29110199977484
0.8221748146524607
0.6433130093473896
0.2155007306616069
0.5978996994900643
0.1252523820551195
0.5157741192499445
0.1059357472295204
0.32422714208821113
0.33037016687437887
0.16966272875876937
0.21250751665830747
0.1235595959749716
0.1623912080716378
0.3751218532149085
0.20185753467380196
0.8172999330644352
0.34318611160968127
0.1708655696300704
0.31123357990668316
0.19096023442870708
0.19609214390175206
0.22151258318270028
0.1927309182525709
0.38804333570200544
0.1198949967642389
0.41068830963195657
0.2347712577461578
0.3682945349848269
0.19566604690677142
0.1993613400551531
0.523036008834859
0.22805344557141405
0.4240649888219749
1.0662256104742955
0.4630277402378291
0.3298803429234026
0.34937200289514847
0.1270081167810963
0.25318898713509197
0.10489467405305379
0.19624798589754283
0.36431416140782275
0.14712624954726972
2.174723196723515
0.17403838428557272
0.8583039563932173
0.1505850182937624
0.18361391966656443
0.1766554397129626
0.20190515730151604
0.22840148443012026
0.3313828102592774
0.1331189305356592
0.09893643816112997
0.1414119856020778
0.06520757299967579
0.41936416764458373
0.33096712029278386
0.17955245113036142
0.40952833923097987
0.38375696647832147
0.3443830578917749
0.4864842971138953
0.30849700339943986
0.23466511349395391
0.22489034551811588
0.0927243457537465
0.40473895549555844
2.220607199736721
0.17638767062770555
0.08342418474799679
0.08803620529370221
0.5548757028716331
0.13288544812139422
0.8207240212125935
0.2542528490731882
0.1300232960870208
0.27547525314616883
0.24960638875644472
0.7526406110966237
0.33454680505499096
0.4677917064349759
0.21364519566314147
0.8079662760852286
0.09168778684291018
0.1082278973459964
0.13262141451895187
0.26137995493002897
1.90802032330503
0.2565130015161947
0.3955991652264709
0.3749502535004867
0.0834294125419453
0.5217557385063789
0.12591512334919838
0.3465639953100632
0.34211572100720156
0.8147801929375537
0.362878875076944
0.594566624859684
0.14821858030380303
0.4713728870574575
0.19199729776610677
0.18979566024269415
0.1978223695351104
0.658862828193045
0.11685859309186242
0.11738657719929901
0.1551331978007318
0.1162954267093756
0.24501556408451236
0.46862411791014086
0.2166961733378774
0.2927723529026204
0.3309369557972714
0.0387463378307018
0.15699117531045353
0.09000120846688961
0.18559637741374765
0.0913815189318146
0.35713002046917425
0.19404434857786346
0.5036794596209799
0.47487475663826145
0.1166124133227043
0.7214857302887938
0.17438394759688644
0.47996448682488935
0.4989762255378388
0.1087960769650278
0.12176005688295849
0.3280026817860177
0.1230859318848056
0.867395550191317
0.2167481363722344
0.1836367007561534
0.3054991449006208
0.2093170481638293
0.2272210172509685
0.0698356140966927
0.22036320288004965
0.1592013609281427
1.0702527856961561
0.1773109301861703
0.07248358854912379
0.12900143781175183
0.9096355739397322
0.2589108712913647
0.4141239968763283
0.2951568180643424
0.10429729884885638
0.21218538970193668
0.0918121235234426
0.25397853630105527
0.2706897397742551
0.0309634984094632
0.19323404094867214
0.38438226170090667
0.30730239193159253
0.1456258560634207
0.11288036402767271
0.23524813660525745
0.1816852462708125
0.2167803974757554
0.6972534999244512
0.22045632220621653
0.0753125204001913
0.4745983523633762
0.339392797470228
0.22119150937626234
0.35580592009118966
0.40737195334559584
0.29199882831425356
0.1835228308714692
0.2756809812612469
0.49530337372090527
0.7675623165566252
0.8839423271070108
0.4425470310200606
0.18113147789056108
0.30067174469401814
0.4843767532033028
0.1263270173742936
0.34046566863872374
0.1441872699597942
0.19237009211917583
1.043884786405996
0.0821537636803989
0.4079453929256794
0.080906619050103
0.2688610315964968
1.080086831667687
0.3261011088797426
0.17566162594080115
0.6905933752591238
0.41560669975783576
0.16264475067121972
0.09762638186989049
0.12741179832628
0.6236933415239444
0.3048132489724743
0.15606056498079451
0.1126571754827237
0.4264077633405946
0.2145398578133093
0.2037663368820512
0.2849352547920745
0.1104759947642629
0.022868051555577203
0.12608320868952072
0.2552765017761631
0.28542250904964733
0.1097516509056978
0.35553948430419413
0.16886995981757857
0.638872268064925
0.1361046357019197
0.2767421084684833
0.0524772276890972
0.268302964229461
0.5087705282072689
0.28933715837086993
0.0689792566760851
0.1770754115868964
0.1766834555848977
0.0642127686788718
0.23062349233088666
0.2059667744401147
0.10651034704994448
0.144348020920804
0.32598453925500037
0.6300955052523478
0.3963239394511634
0.14716396308690968
0.3038395214467921
0.7212423287478649
0.26828753905827346
1.1081864892435669
0.3016067370193396
0.1377643172044963
0.7320969550705037
0.4378683901710723
0.0959669650159657
0.3308647258525389
0.21183768715978937
0.26371703072567565
0.11175107432253278
0.8796943214299189
0.08368533078792699
0.2630500924668692
0.922689952535816
0.3312881123784157
0.2643736068490149
0.3520275390422172
0.5131784759865923
0.2842430919686144
0.6187849900107782
0.06278414547169159
0.08075668481554499
0.2958690027308008
0.4159405308797899
0.20668757964690682
0.19495484635154614
0.3158983197922529
0.5562611996207886
0.1616979791973172
0.11047291702211279
0.2928419778174193
0.40183032213419106
0.6290451353732479
0.17759722374877007
0.7736260300402896
0.42681446957374547
0.43961232573821113
0.16488342908231404
1.1253860177218016
0.29692820119144037
0.29958101099222334
0.22173411641558397
0.1207663635588446
0.24787411136660137
0.1599533471250201
0.1441630031931788
0.1224375093448475
1.2106793997249534
0.17842267700177716
0.06871955644941999
0.3208094742422286
0.13311866922179533
0.06254585138941252
0.1475482801100838
0.0887785706666144
0.5604343655543199
0.600101605717042
0.11954617612087473
0.1772777137876575
0.1692663154467992
0.8150288201120066
0.22510138791824508
0.3241429856019551
0.11748244368461029
0.14815686104237571
0.8525727339821727
0.0816165200663411
0.13416795019568958
0.15580686329647536
0.11780500429480291
0.18361977002683977
0.4667476771485035
0.14685627104148968
0.1362995983604305
0.22436625079927386
0.20406171254510963
0.35228812693030986
0.29056793221269933
0.0431616747713108
0.040407913740861494
0.10027399792625519
0.08776229335024101
0.21822049927294496
0.38502807174430387
0.3073598821978917
0.0999827345276237
0.3034017070257339
0.7690444648991861
0.18491917220417134
0.22076483453262133
0.052914095551397394
1.3367633351794543
0.17156443480957417
0.34405449483976214
0.1461696620826452
0.3448932758699744
0.24915401119565558
0.2626629356486114
1.1362198690868057
0.5379326915600907
0.6515862732038902
0.17228559747585243
0.1251323920680754
0.6356901147516025
0.4224793706382319
0.6572584135752266
0.14206014028833294
0.3701566165886779
0.28012225697580256
0.21015473338427693
0.26476755547064235
0.24898291208212783
0.3309296701269033
0.1883362719087103
0.2695864430051335
0.7746520524600078
0.23675466883764548
0.21991634021670886
0.40311162127977157
0.23325246322072535
0.2428345431463195
0.1034895231339514
0.26390561834073195
0.2398145649860936
0.13794363738295137
0.24918809405388068
0.37164793837794263
0.1813725025857504
0.28047921230973194
0.7493021711008168
0.1547940065022344
0.20204224933667986
0.2355561634081525
0.18078876503513824
0.37856266737562627
0.28631240253779505
0.19375160294082183
0.2621993348457236
0.0828663574870704
0.048801696944637596
0.5938888007545114
0.49197248671185206
0.1832710603912841
0.1560609510661679
0.20607857474774688
0.1455408328625408
0.16756633129912837
0.3827202611458719
0.23300113888429644
0.4965626295723139
0.27529098181681344
0.27373422946353154
0.19552106308907308
0.16373381511599722
0.2711881959201655
0.7412523205393816
0.3337319380749869
0.0979165964296797
0.6271183973986476
0.9450821370340323
0.0853898153859964
0.2193686424121683
0.7704932396195903
0.12956947392726242
0.1329472436259672
0.2578421666089691
0.1553467007858476
0.8121943032205559
0.1330630526533288
0.1877705400474352
0.062091715842674595
0.22318397684421162
0.4903177380922564
1.619741878572836
0.10926441112996138
0.0743474077417979
0.7473246525677301
0.16840517347905484
0.37274868418035867
0.38712340038630066
0.2641128224343467
0.1782362892286175
1.599454836753779
0.21627913665177878
0.3836725761152632
0.8508167752762125
0.11337066995039
0.19365178953382722
0.1326357068580611
0.13944551805196598
0.49001403762018714
1.7485284162876429
0.10518319001588289
0.05939280887593899
0.10224924837713159
0.0684576772181929
0.2682756847808163
0.15859547151802372
0.0861126942021867
0.13192065781366571
0.2910056295571863
0.3015770083143674
0.1496048506175274
0.23112936303704357
0.18747382343591537
0.18830885166738176
0.4643611576394685
0.22474827385041676
0.3521795110062802
0.1066297469685408
0.2380369059843979
0.35243630117224584
0.263886394573077
0.18626562542290862
0.0675000537714935
0.18146459783636454
0.2558066476092011
0.3391520530649081
0.24156647276300075
0.4916702071375444
0.41931142653705383
0.34051119760790965
0.09375426589740021
0.27753369374563763
0.26699487169560826
0.37621646602822123
0.38868166411881755
0.2501253338658193
0.2139215827197353
0.8207693839702346
0.256992931231524
0.21776402667396988
0.2429028274418989
0.0768702394662371
0.3155681067781722
0.125304165491687
0.17851227003602882
0.2358740997163988
1.1197071487131622
0.2061523746978163
0.1244940223915593
0.22144827740418072
0.35779012283556855
1.6708118891458514
0.13041080349786874
0.17179783446680788
0.1384039203720212
0.9647160578857648
0.1149679495398513
0.32200187818297954
0.12711932475721446
0.16825394084163176
0.1645880392853084
0.1450071894232731
0.2770524599871823
0.2193770627583259
0.13096040725636063
0.48903955885564504
0.33475222252130643
0.3290490306594604
0.22538198111656554
0.8129133989101973
0.059144794631900796
0.4638939747876445
0.3047977749612672
0.31434733645213075
1.0764808095857887
0.4222952091658627
0.3792418956877082
0.3471809303376726
0.1589266780123817
0.2511757637769381
0.15819348461998434
0.32706680749115496
0.1483019963329959
0.19295288591202253
0.1945225477211446
0.08344983521094419
0.7401425603494688
0.1742879150752392
1.0777770393719386
0.4168409927957479
0.0933290853653011
0.2958892510671397
0.13878203502762348
0.31015138513858087
0.572956244813409
0.1653142405297879
0.1087233082151507
0.16941770022558167
0.8241405809438279
0.3247475912897332
1.7509460293431163
0.1380991561862791
0.345363901808429
0.1467296824560082
0.33831335053892314
0.1406882907380636
0.19583733415302632
0.0871428107322858
0.0460090129189533
0.2817935247637997
0.40293589419061726
0.23553054181103944
0.7434096242995122
0.1770899642773099
0.40377243777631144
0.30510715851931536
0.3757726588620784
0.17268701779855147
0.7418638014083623
0.38818646893694664
0.2622251231362801
0.46321575174337404
0.14298188261451722
0.14517312339444624
0.1317995892493447
0.31151726964411325
0.666599078721127
0.12897400005518958
0.7391555569791514
0.19589411441367552
0.07780808208798631
0.2095328984772979
0.2857850525906287
0.0685810623706804
0.1797088806552043
0.2606186486263782
0.3027950744181226
0.16800304340129318
0.16170878663408972
0.11753270788293668
0.34749444173246213
0.1103274246646081
0.15429097085850513
0.6632389521799792
0.27710852537052466
0.24510721462115853
0.3221580126641165
0.26072195798775705
0.19952781049736715
0.5011601435347486
0.0986634493414093
0.452877094170058
0.2005893839796537
0.172833372374856
0.14868421056264433
0.48646110143990995
0.5662918532551492
0.1419583538099186
0.2675632927445244
0.80508251167174
0.3501438184020723
0.8074997636537891
0.23908652606164704
0.4310675136994706
0.07363209011350288
0.30758023100622345
0.3910118647490397
0.21885473775672615
0.5630207653244026
0.08280205219600459
0.18513311742200123
0.28419514638350796
0.44279415897184266
0.3023109920150761
0.3089158049114308
0.11807494019878033
0.1588250748813304
0.6853565405120554
0.08803126656407309
0.37055873307358805
0.4389271729502121
0.18985229067974863
0.3330237489611929
0.2586740008275794
1.7294584887234032
0.23455055620776208
0.29873384171332984
0.12216451497990083
0.21557154067672352
0.17306454707845703
0.20094115263780096
0.18978292146951173
0.08910647077840281
0.4918095571995787
0.1467443014570554
0.2552400989279331
0.6656377817029343
0.1964671273285658
0.12169659154425999
0.1558268066036837
0.2848176657769724
0.457857659761037
0.16992663880591402
0.35388542450313476
0.28946841183966043
0.6883190183501658
0.35081498904281294
0.23615735747036806
0.0794617301052978
0.1228469761661117
0.3495844423855019
0.1087550614943115
0.1714120528067577
0.27699292926006147
0.6206539970795387
0.6142488711969943
0.09209233511575701
0.3713494782627386
0.1465932925244549
0.3797958570752002
0.25491303628919654
1.0468878154812367
0.7459288425316966
0.20534703129260568
0.7303829821836165
0.11486237079503539
0.1147923025079916
0.08037847039039112
0.8150647385978569
0.41752354517093615
0.24317354823608042
0.2489544414823326
0.4657362215796292
0.3689654858309195
0.3698945318917133
0.3673649900381959
0.5380869717341741
0.12360309250896431
0.1690949870473023
0.1210269757829612
0.13518874231439598
0.447879637610341
0.268983701046263
0.25047851026751183
0.053851515728620694
0.36686015893704815
0.29283565825673397
0.19075584817402721
0.17037372645768756
0.37190422886329433
0.5308148508159771
0.0792049233688738
0.32332991738491396
0.3566577280446299
0.24178271118949995
0.2181459508144787
0.1043811498329225
0.9924912467167597
0.3032902694585577
0.22350146256846387
0.40601389312805314
0.1626838562735465
0.1878165563433598
0.20698793429372153
0.5684567592292372
0.1083503101572689
0.19972055382036286
0.40379451587861537
0.09231788211178753
0.16368022783260597
0.2984627738611994
0.32394970748234053
0.15947097581771552
0.1341902697728188
0.06867334148669
0.15322451822417088
0.14814471676775692
0.1505211325375724
0.1125627112014392
0.1173683823168258
0.1284188771631328
0.15654651341047865
0.10301398807109269
0.22583529752023873
0.1003764052106716
0.8426540884427554
0.23659151745667034
0.15698848341670457
0.6428735315458423
0.3248975564091623
0.1940216200969701
0.3779766911734176
0.39719542566293164
0.2097847981701555
0.3542644454196421
0.5463795744568432
0.39344016753262734
0.0418198606393816
0.0803305921982519
0.09490062178666611
0.11248432794394618
0.17004663838425338
0.16576794896182723
0.43222434945409133
0.16854043592159568
0.13507599856194977
0.24451013580196929
0.5288647698666141
0.2310301674779019
0.13250210976698368
0.1530212638708472
0.374499355915803
0.10998304532455579
0.8555297232623609
0.153585121793223
0.033929362178076995
0.129137856149604
0.7983849704401844
0.4430331224851005
0.6861964617852664
0.13527295234750406
0.2599500730583787
0.3974809454204168
0.44429434825547953
0.1517277369768985
0.1626459323391355
0.21009320755443436
0.2208506212859772
0.32494194980693214
0.35942540120541283
0.29731510176727305
0.15000556309403545
0.1177038726340088
0.373772081806911
1.0721052181653083
1.6586529877642222
0.22457195505309935
0.12768541323352559
0.28008009630779207
0.2182493955360981
0.1368682892942803
0.2275808579965861
0.369040737891433
0.19620562570217662
0.6827177056107354
0.7014280523003378
0.19430799845212893
0.24132981110716356
0.2859363680663891
0.5161264663622341
0.5662943716538299
0.1751222247624324
0.4497262736900602
0.10470679926772529
0.33563216624323655
0.30416525682548223
0.18809771338137485
0.2699202875396455
0.10164605818222491
0.29825944134725507
0.4759532401493169
0.3416506343209291
0.3534338963744996
0.3580517675453482
0.653010634844698
0.23829343431806638
0.7933641753715888
0.2019816598921898
0.2795873296951081
0.14665178045753238
0.10473361591023429
0.4757587407812739
0.2380098545981247
0.19258070941829322
0.0982790148692807
0.1619541767821035
0.08813568341486422
0.46647511566360034
0.16272327265413436
0.49571387186030086
0.0850379657687399
0.17383139305325535
0.0522692679799199
0.18681169971304162
0.1501951931787402
0.23400918037792223
0.17514872832167017
0.0694966347078566
0.11812659563836198
0.0245804310209406
0.1048820185405164
0.18855903031874074
0.21757178386093573
0.7314764740679178
0.10524180255500479
0.4463117510129792
0.2491993913580525
0.3386454530412908
0.09224127904988288
0.0598193127279948
0.1802712942724537
0.21094988173044316
0.1463808831856562
0.18179300389054157
0.18957011753186848
0.36132402766393995
0.8206094281666269
0.3170385122663471
0.1750814250070179
0.5328319756373376
0.19652193587217306
0.18988291656030218
0.2098416939879385
0.6760853362541257
0.1390905063300949
0.27791779875689376
0.278035091429622
0.1092705838708016
0.2764753280072051
0.20109091813714744
0.07682193739824338
0.4449086952840736
0.37137654068681647
0.13759969575911318
0.1997794513111933
0.3017085094691641
0.2105475442013513
0.14160535142993158
0.0787950234736236
0.0822721922000167
0.04149318100290959
0.17242719913521892
0.18512317011179225
1.1254246217619444
0.2507070285445958
0.18749063997523138
0.21621564762602832
0.1131846324981968
0.1531923322629956
0.125248860826943
0.1319402153064297
0.2984577107190464
0.7629604878989354
0.22757711373184664
0.4594061805422758
0.09218557618858009
0.20494219656241844
0.6704905007320417
0.1956504868817402
0.21816052771805136
0.1642419495316252
0.3070096474265511
0.04543943588596621
0.0578404704982816
0.20599933877984272
1.274435627121302
0.060812110112027654
0.2743337393508099
0.1146546845824338
0.196996184107295
0.1003750322470913
0.0763328759305586
0.16543060381281813
0.3681910574241768
0.7083725809964251
0.146192985663935
0.07688822094457509
0.4916208226357803
0.0788111707536209
0.7869524846122915
0.26519365589182176
0.26902138107564333
0.674475291300365
0.4490036503268446
0.9803745503195012
0.37305575041753125
0.31211033442790426
0.10056551845189188
0.1972732959424229
0.18750190195002073
0.1485955653104556
0.433129980761614
0.14340081785099348
0.39379594395109585
0.5356006447386057
0.4929826748805968
0.1556658561227038
0.22215561401626865
0.26815828996100505
0.22571877394623277
0.3034630948740645
0.47475536196287355
0.1857680463974468
0.4011036537205954
0.22925970035091625
0.8215164353693596
0.25436626954829966
0.4472721477291155
0.1921276190074937
0.3296743232434543
0.17077469836180412
0.1898241111678512
0.2345634267115817
0.42667439903943505
0.3268506580522879
0.36398934873916833
0.1691612334897234
0.3321989328652595
0.20403565457576994
0.15543901021491013
0.4857281592335833
0.39686233126138765
0.4124686243226994
0.0828443416834853
0.40730339853825415
0.23429998965671572
0.2392538940626926
0.19180591888547682
0.2378475969936099
0.3000421976189969
0.1477506045144486
0.22850306951470714
0.0451620136301117
0.11053667313068659
0.18030765944493893
0.7175143822428598
0.26530781255841107
0.24623235384991726
0.4120253815370762
0.08877538408950288
0.11355710696754549
0.43640575658993164
0.7218247586876546
0.219032353376878
0.7271648001031625
0.34589476771325606
0.19760988307235222
0.0674882956090177
0.4040725640909216
0.2898582400684958
0.6707896592085412
0.2147065371030315
0.3239911281409928
0.6874645553361574
0.24617415487634448
0.36779116441110254
0.27298938040051574
0.2570636567283906
0.11030733922066328
1.7711386666958293
0.4457562751087986
0.5144424848618883
0.27589284881113096
0.6675604631415346
0.06948110897506178
0.1261654500632264
0.15634634127298588
0.319100389286045
0.27071503753420895
0.18401301009895923
0.12038606808516629
0.29978503992663696
0.2202253638372074
0.1376936905092965
0.1714808482249808
0.08527940261790382
0.1481880292860432
0.14407620238363172
0.13659437157703808
0.0721514202600108
0.40612043924127006
0.11530934457745104
0.43879388672779585
0.1597941390176527
0.18891006659901796
0.1677461310228013
0.24439754451587936
0.17203254049133315
0.38696503404785026
0.22585286401015944
1.037274538783548
0.2318005721701987
0.827068584706067
0.1281576741473817
0.14345911397576766
0.6965198745469665
0.0942485552416943
1.7809791507359292
0.1117976330279935
0.11455877001027401
0.0905364981159389
0.1425753137866803
0.14647016956161252
0.1741193625111373
0.11563609981191039
0.2918467090013738
0.6779447325081328
0.1531956523297701
0.24013495063501644
0.37103894953884675
0.15043547748139133
0.8644559457821653
0.11403803053098378
0.20254998674391828
0.08298147508823661
0.1604730041020637
0.10229076756235239
0.11042876943948611
0.15276687315089482
0.34621236932165855
0.3743417285118601
0.250706782000968
0.0806678922157667
0.13294315114549218
0.43768343836021734
0.15970893450219292
0.3606856644421952
0.2511361635227085
0.10808384256608977
0.17195195680748326
0.23585719996968
0.08531159939948049
0.2134143890121537
0.23954467178306338
0.32932909422991963
0.1950742981578861
0.5081133314663813
0.17674447483584108
0.16280720606743207
0.206356900268234
0.2867063030956245
0.1576617700876024
0.096161678091696
0.2252689659807557
0.44660826748864046
0.4131555200204202
0.11870904194490989
0.3606376795753625
0.0742972129032397
0.1066691190314807
0.4895287013639982
0.127242588427102
0.3690192190298861
0.1816519192899554
0.09944378166345788
0.41406533341295493
0.3090258720873598
0.1098917993971229
0.0832398194648559
0.4064014772396985
0.4704636980491939
0.45679428734353106
0.34020460148468107
0.13127563778355084
0.39971784910676134
0.45776603059878007
0.09708280030586611
0.19041712009375295
0.7350268127961396
0.5539415274742496
0.4018682371287544
0.20617782531550985
0.1042103506949798
0.7978936811741795
0.21734974553073483
0.1311546936891712
0.0776425982917315
0.10286187201982759
0.09495915538959371
0.18534048396508662
0.14607216724423971
0.104912908971305
0.1938416350082773
0.0803400262827868
0.1516711201345505
0.46323387538762323
0.29770060638610585
0.22954224183840746
0.24894387593002754
0.2195620985783803
0.07881751956352209
0.3461478004160484
0.20436789767035624
0.2376290869745702
0.08051873479862451
0.0746230057630724
0.2856107869405271
0.3112580710207993
0.7625400449467205
0.39242331208178594
0.3136868012263816
0.1869916380407257
0.028147125418965503
0.4680014470386564
0.2614885267804214
0.14960740091715877
0.1350350785461612
0.13133998784106138
0.247104505048671
0.1232506540084333
0.07630031911443577
0.18650115274558768
0.1603591788471802
0.06874742317110522
0.4809612009455553
0.4258814101767751
0.1864046765123646
0.109996893462147
0.735494339860415
0.3654369245811391
0.23389323255240835
0.488934519916683
0.1371611040253838
0.26246734505516967
0.25850806355442035
0.5044061303849331
0.1451719099024979
0.2808618213490681
0.7577031901106067
0.07415839828253849
0.1549472207138956
0.1344484465010432
0.1340259243955052
1.058982899612323
0.16638671358859924
0.16490776068747748
0.29612463803183003
0.17903759399482458
0.20081789539017397
0.337076436046137
0.12827260792420508
0.27673594853411826
0.8514682096241566
0.3725136543270511
0.9386298018700723
0.15928206645615367
0.14662566148200812
0.7601065735372833
0.23628455383910144
0.12115398515164341
0.41613234086331063
0.22055589218550942
0.37081413634390126
0.41639348068299703
0.30854448252100575
0.14623183634283543
0.770863360441661
0.1165485074703362
0.2132291356833853
0.0912090571894868
0.39751333486331836
0.40469620992044486
0.21683545192466
0.6250368186338506
0.1469096982193487
0.31736990987350894
0.35473897071297256
0.3960710798027738
0.0941735974069933
0.1180403013853911
0.3121515882600213
0.605876973485306
0.11124525965216249
0.17736331693849916
0.08805219800028549
0.29314024774507574
0.1373015624845188
0.22086191325815563
0.081189223556765
0.8641641280728181
0.1339094895734953
0.21210578176047296
0.0917209991420923
0.4669775961614534
0.20284594078501697
0.5858145555888097
0.1151764158739324
0.32893337206768036
0.16499935341570768
0.19539844984772786
0.22810700316478288
0.7599666011603405
0.1460930662283665
0.06403285708455389
0.21315459214084248
0.23475510152162926
0.4714993540501979
0.30420768350763083
0.13369214192846288
0.0990916180437478
0.0994619217298855
0.14831858030549258
0.2840123037678396
0.0801296118768206
0.1274992806601311
0.0858578488357638
0.22674539521401885
0.21893347060883767
0.1020418596619978
0.7021276444805602
0.17976431198591974
0.5969200229576304
0.2608209016924006
0.25530026549538076
1.1763798924967668
0.1751181267487989
0.1406079642294604
0.0517457517531689
0.427826811467759
0.7047360932144091
0.45366247796618
0.177271790665752
0.1598952942576806
0.23356819662767012
0.26134793162577086
0.2969650735513718
0.3999587809837237
0.3918398567197885
0.1622839803500803
0.3231996060681014
0.19996447808627657
0.5446118230313984
0.3301431996727392
0.8063171685958406
0.8165747166531466
0.44811118907329855
0.24290460101507427
0.2589320845633587
0.3021667823413826
0.11741436861570059
0.22922931385402331
0.3376173375034067
0.19891264236902362
0.0572868880925376
0.23525346096420113
1.4496536741323145
0.12238839038580102
0.2095912689554879
0.3985478127510704
0.1120882605423213
0.30969218142340316
0.668033047785081
0.494634613139708
0.22036299880553
0.120361785982281
0.12883763719118152
0.12571622136730087
0.4471897065782417
0.16384338949123198
1.0311681777131536
0.13695733756059686
0.29183576444073506
0.08944674647297202
0.2471843930943397
0.3317020631534118
0.076655096953951
0.2525870160001432
0.33387954667980446
0.1084346842467564
0.3090448499564528
0.7183191270902415
0.2001660425932755
0.0704091544007533
0.09999080152382891
0.45480613720628016
0.2591952987856026
0.42224438805594466
0.14609070091693788
0.18207590220914718
0.18129036386483594
0.1359305700770477
0.09746239965807921
0.23593611366342054
0.0994648112650522
0.1267596671840853
0.27727485563371745
0.1471532211310519
0.39712245944072855
0.13240439438421128
0.251216090430016
0.2111173166946049
0.343143665044606
0.38596138286174414
0.2900823853690312
0.2966852437755853
0.18162724122911855
0.11411892658821099
0.1612893950975924
0.3299069960441828
0.2535713794928597
0.27639130866345774
0.4442701416434608
0.11697253354655411
0.2834755732326153
0.1582157913588999
0.38636490286699043
0.1583037493396565
0.0968370704680318
0.1088795230011129
0.062272624333239296
0.8536938425250329
0.12483799243617921
0.2242733530050409
0.7067657891850576
0.3563475105766157
0.15143802871190448
0.1095453168126878
0.15667731799820028
0.1074440847363572
0.10839295779000957
0.6745327959972727
0.11964313985992647
0.0972287341266541
0.2893147069856331
0.4090392422413692
0.4020233492302831
0.25960068917837303
0.1720781084706721
0.11912374305741083
0.5260645171362589
0.22371423212029892
0.08092807702151611
0.2262277200053752
0.07255343321110361
0.0555792275848645
0.7221745365418701
0.2029234499476939
0.5121120883473932
0.22137966064790057
0.33012286294394233
0.25120639561970637
0.3556799689209322
0.08725629235166109
0.26470556295275555
0.26357403237087496
0.45660268757325145
0.052901483952177794
0.1313396775376287
0.19814721803117394
0.467232887165033
0.4724268766656582
0.15228121133609698
0.17078504738003403
0.21120337762466715
0.3222971180240787
0.5391668832863312
0.09069221364442401
0.11449409567202751
0.16190423173696505
0.0706419566983261
0.13794904649640927
0.1618075596672676
0.34398070622109933
0.05864803382269371
0.1534351238130106
0.1213405769288089
0.3974342508318507
0.15831523591724347
0.2770203340475091
0.6104974883478255
0.308678961752838
0.1010313135140191
0.0767539634224619
1.6529263817572981
0.1873770930178143
0.10236638041618851
0.1968932373013677
0.1084315531733776
0.4335164105380211
0.04907189981154329
0.40619986542805053
0.1125011915113506
0.1549063638282925
0.25385587302750473
0.41398893367346623
0.3058137641658073
0.3292242468439346
0.31501280155832256
0.11383665656816461
0.11958064166678127
0.16312002348063598
0.23185524893061307
0.4339109907390346
0.650365220688793
0.7196558022146103
0.35789045845402934
0.1694418348544853
0.3267661721702869
0.2899617145659179
0.13268593715238342
0.1430136171796015
0.26314806713930333
0.12174607421795841
0.11524059966358872
0.22481251677213712
0.20632841119222767
0.09717688203188321
0.18846356583473184
0.17954453356386507
0.2173910187649955
0.31882780136858596
0.1452599370382892
0.4175895391390603
0.21718452355308715
0.12663993727219702
0.196145793876621
0.23939174343482889
0.15531569494760367
0.2982436092383319
0.10606536540743619
0.2067104998850775
1.1018528286302833
0.8316058693978081
0.5893951858542543
0.071581405538739
0.1006691879278726
0.06310733543323949
0.0428008872639518
0.09043681546709571
0.1922744626049614
0.1154196511298275
0.1307504571396022
0.2800824052590326
0.19948658788378107
0.5824334718630678
0.9365194541148936
0.6111079222047426
0.4463870388979041
4.331485873277143
0.9157131087286716
0.3058322714373084
0.985629407808774
0.4525865392477116
0.1244877727489871
0.18607288765581992
0.27230958744684014
0.31337632069559185
0.037859075408652
0.12166858978406808
0.6868837479795938
0.26248020914362935
0.17865743271787538
0.2474287513107845
0.1272652762258875
0.6719143185871387
0.4050523799335254
0.8260589127186166
0.36048226743511247
0.4747743623162596
0.21402271763588226
0.39720509697137507
0.18253290353110338
0.23160759116090895
0.20691088830086957
0.1795312171775178
0.0678801860323404
0.3748691084581302
0.5188291582643689
0.13217615531091073
0.17512666922454398
0.32794424372100595
0.17720963440089005
0.27054290295729666
1.467561114099523
0.2567672246538082
0.19735228609562566
0.11955645821222899
0.5857443227948412
0.2524076664794849
0.4594205295358558
0.1712859023614331
0.165963884361644
0.24061621403419692
0.25776136859891574
0.49630363381330517
0.33096955123106125
0.34332250155401495
0.2983124879821221
0.3402992254960127
0.5948367118760737
0.1760819753199932
0.3211944651795531
0.5025341058259082
0.34823206788089395
0.1268787649939615
0.1910115685884369
0.1617837651324604
0.2720128993338502
0.3416362371421463
0.1620991706340349
0.3334618465894567
0.14260370563252078
0.7991861236856911
0.28741812115110266
0.7127972340940733
0.0445377557942815
0.9427057924398825
0.6502512675771123
0.4185897696018213
0.31191351158986313
0.3939137138568218
0.13348242871537172
1.4726462301339729
0.5770073482094862
0.5169241147627446
0.293809217338292
0.16738711672956202
0.0843491980935671
0.1554721722020078
0.2776221777520664
0.7025430440832413
0.14175347043325293
0.3097182423447983
0.1758004567399627
0.22418703312215008
0.31683555516792045
0.1929271283734921
0.29236363141211597
0.518822194131507
0.07441317148599899
0.3703921963200483
0.20736551820799026
0.12837662784686948
0.16209222183396807
0.6442260437222298
0.3345194712679344
0.33263209886402867
0.1484044681938366
0.172817711683784
0.17974949175241248
0.23822326346849598
0.23540823259332438
0.22448544894303013
0.1479465351282921
0.4799778074033294
0.287354426760366
0.3387623216466896
0.16020950843946846
0.11925128031962598
0.1479372485969447
0.181130731876802
0.163341750249194
0.14487526995754849
0.3380682010578119
0.19371706866049349
0.22950262303411545
0.19401485928459056
1.1161597799339105
0.6879180957954583
0.3169841399033097
0.20189561115617827
0.0355440200132172
0.2345909799924148
0.20234623119005052
0.19274889276387744
0.14773168700188308
0.1810478992207139
0.1280044843461121
0.5111875569241138
0.30816768816119877
0.17376173454026572
0.24419377989513052
0.0895870830643484
0.057314638039199006
0.21480986630817153
0.1656281469143972
0.08446697656859428
0.1394980756215471
0.44061671423671295
0.2971641237053052
0.13213237540644973
0.6811170290213129
0.21450635401783466
0.18452686907043359
0.14706357486954091
0.2606564052551609
0.5582569035784082
0.5184009171032454
0.18453949951206636
0.23376415345051849
0.1725391636091927
0.16855980040388588
0.34071507119820726
0.240095897278382
0.20897512441363847
0.09119139840851359
0.1502872467903098
0.1956323216365705
0.100440187130093
0.20523710625353722
0.19483611241149532
0.353564854832246
0.1435566312117062
0.11378545361416582
0.47544043477842235
0.29289112148017304
0.29046510870752895
0.10061691121084049
0.3053886838702643
0.1275788491275235
0.12235952564210459
0.2237348870018374
0.8906066870696646
0.2394001148214061
0.133536280523167
0.1370081012960393
0.3855025957081034
0.44984511642362257
0.1238068948192734
0.2515274837457002
0.24879424799491243
0.19872323995773894
0.3922032851440077
0.6377976754361759
0.27821946151968796
0.17197600049388198
0.1174529305367658
0.2021997265283945
0.13337790312948197
0.14006107745859508
0.21902236985689796
0.20895447997709987
0.23872148025235998
0.09221029310587452
0.29978932006032244
0.4213218652620534
0.4530996386083589
0.16620331652927878
0.20015521840418588
0.5860573358189849
0.6840838904007418
0.31784586422409444
0.2178155934812049
0.21646262571951594
0.13709847279042092
0.1559349014422221
0.25834278383600506
0.17810600580873226
0.2170702904263015
0.10685309564352036
7.745165992830038
0.16922255004637163
0.1498883282178518
0.1266814437334904
0.1567381708667907
0.49476519787757367
0.37550936683546265
0.15822044332015667
0.0559538629639639
0.11688773209806153
0.08927316648083888
0.2896234403455006
0.0469845865725751
0.10535848939640549
0.1068719770153245
0.17538914574729614
0.25583814940549593
0.7617930667414429
0.18691143754116568
0.939201556898781
0.5841983048603023
0.1451358663014304
0.0504994630202795
0.098450405770733
0.1601608980075804
0.2158575911307633
0.10902887415257213
0.6386008341213236
0.20252114275466163
0.3486160243402928
0.0320091696493866
0.36945002189682796
0.16550318925041152
0.19195480282071006
0.1365094638076282
0.0442537263143487
0.30548735300882457
0.121466757789358
0.4173112387572906
0.0697011302445241
0.0396532862690334
0.0960747208189313
0.12283084657632232
0.11792255783543149
0.1662090962710106
0.05457521889190979
0.19867893060785172
0.17505815426489152
0.04766678528894219
0.5612927857607697
0.18289255474394983
0.1726958478285496
0.23538805282305403
0.1423331525428921
0.2245059790026967
0.045594504153511996
0.33981670173261885
0.2072734754083823
0.2078885071285692
0.21550714716356162
0.073514953835419
0.15534422878165627
0.8174268190358327
0.1516838251660526
0.9719314353529174
0.5739291197894882
0.12320646073258139
0.11165621032437958
0.0756301364537378
0.06520415001371022
0.08778900892094146
0.35399749930459806
0.06118358745192411
0.23093084442682238
0.0841989659346469
0.13974921760441422
0.2206682632600931
0.431129135764471
0.43494651424573444
0.19568421014974632
0.18064528213636233
0.2347745093898012
0.10483569706744358
0.07762583028450329
0.28659525825944127
0.16678283298512434
0.06858268866898899
0.18758300764110092
0.2226740184168312
0.3103088977820153
0.0678441457454394
0.2197804625080213
0.29697763295718926
0.4602799391933311
0.203976041932437
0.4221060273877942
0.0770622435201573
0.7062817997963489
0.31700190947013596
0.8197668443634101
0.13250979514648478
0.3050655949439436
0.3159180941988013
0.0612252427061354
0.18300702546503203
0.14622583575926343
0.5037099694044922
0.18275135448290303
0.37673971740795686
0.2646258946789506
0.1582958959036147
0.6251381961434399
0.311384546432025
0.19871983378823832
0.36826756128956306
0.7398433165121154
0.3196478473605849
0.2414281890325437
0.20532820362103363
0.738434605437048
0.26265631723441235
0.6542934565112379
0.7024012314047974
0.13484674022867713
0.2586722890866982
0.45445890613339684
0.9975591301845834
0.6172716709959873
0.5848437622687124
0.3721216952971588
0.858151013160796
0.34887697426062436
0.2962388407203951
0.5523175496265355
0.37509336814976707
0.38411474064132106
0.15433987175928793
0.23786071625550922
0.25003896927054126
0.0919142890149453
0.22194031973187867
0.575182701045564
0.4104624598914695
0.36409154480229977
0.30627398298956193
0.6911043583809021
0.6199284512836087
0.7290142894435901
0.1976733887988051
1.0518910493881288
0.18523362431402357
0.30589232859369014
0.14591146511775688
0.333865105196477
0.27488092519461516
0.9804423825794402
0.35493956083129996
0.16605950687486973
0.425941147008899
0.41584757015632245
0.10321121982811318
0.19927694227252957
0.7796553478569048
0.7019856470275034
0.3273519533827642
0.27133894281627313
0.4412338590265877
0.15822429681656464
0.18114629806391197
0.49132131441484617
0.29316484052195235
0.28829791643916713
0.4612401833937783
0.21267125688586366
0.24030284054068574
0.1190838558213779
0.321336499948482
0.07989122188181752
0.3961684120231758
0.1459225810039933
0.2934182075929549
0.4776168257530986
0.1944485713522957
1.1040853296662787
0.6552124627770028
0.4536829487779357
0.3755092605121462
0.39413356675342015
0.21366887280268038
0.46399082103206596
0.6116992430244651
0.3999772844622407
0.1635507539184471
0.23782743458765332
0.3566489946322563
0.35979864359668595
0.8825281111267853
0.4043851265318773
0.16488826763447
0.16530114915183164
0.12343060134256081
0.25801026722939296
0.38454066835197315
0.6959331965257071
0.11347327496460152
0.057286818595269996
0.10300298115556489
0.5238678781714772
0.14443141071824778
0.4409994306061845
0.5158700612655256
0.35523603087195155
0.13456173701421162
0.15530523358948878
0.1700938293954128
0.4985691757456344
0.24863635587605365
0.2558355962993587
0.17550619909480997
0.5039892124330376
0.21747442040577958
1.3284831240931443
0.35977079570563364
0.6795739161322579
0.4031870285176845
0.49385776289554506
0.7173810832927497
0.256571552478814
0.17244195367770437
0.40640652420081025
0.5433583775047355
0.16420295922260697
0.17262816494728572
0.20606884628364508
0.6395044882104703
0.3940445328013352
0.35062214257501956
0.3884762154166693
0.28748036936620747
0.19540254311097874
0.28065405533449267
0.3162027070984029
0.19265065185842167
0.39215944805226866
0.2826389359494922
0.18941671304773217
0.4705933042672429
0.2126169517629411
0.39890213694612897
0.22729667225941708
0.690104167001605
0.3755338545769681
0.6057680867330871
0.3138930362574981
0.115785685602141
0.45087472132046025
0.2673890958728656
0.831678165004618
0.3729471027017168
0.2590249057979034
0.30412614552323947
0.3540781982003829
0.1916986225243653
0.5325408659330388
0.683789777718827
0.17073439744410288
0.5255148671964734
0.35552808609074593
0.26020911324207086
0.18990414597477678
0.23363936877149746
0.37400808668702257
0.9830142692187376
0.22632301555974083
0.2303537357122315
0.10987772738179818
0.5262829465339915
0.1725229293195144
0.5183630216562679
0.3850935894980239
0.2626352763870105
1.2186514118198288
0.11393623632968439
0.35986362734903254
0.44019301043577064
0.3454738761734989
0.6440885548196917
0.3474211455544212
0.2239886284259095
0.9245043498467488
0.54936649334346
0.4413297440117435
0.26372620324292534
0.5149437755819505
0.11611101355950479
0.1300525186468971
0.5934339312375386
0.5700860362144164
0.2832188627344977
1.4737748748354715
0.2776294133202491
0.16892426461833263
0.7959823304171043
0.38011650462850505
0.534059620889525
0.7748215737399388
0.17440674680926527
0.8070763551136029
0.5142213612741737
0.5864367801368797
0.3221131044753692
0.3793976039824185
0.26008002488161774
0.2688057114391793
0.1519643355132482
0.5032902372171065
0.4280181408846885
0.350778831519069
0.40446306797684994
0.0766778495624173
0.27388023658250954
0.17926017629465346
0.6087749702741205
0.1578949723886204
0.7724007655311342
0.6091392824905562
0.8583651117318494
0.2593415679473827
0.31771873328230504
0.0972168816087713
0.26352961244140294
0.24190758334739343
0.37914450087664825
0.7854975382714171
0.26590473094407674
0.5381882333967055
0.336653515980275
0.3933283433193388
0.6730616326972186
0.5634160716088307
0.296625807169799
0.4618334636381629
0.1603685827796422
0.12312701762167041
0.47058934582064493
0.60097604932048
0.0791077050415977
0.30105878535708236
0.6503838091965508
0.2779559786080871
0.1546850824014882
0.20892573100763523
0.3139959303004903
0.1498611966874525
0.5863377430594425
0.2372047392949782
0.44533798016747894
0.13792706092139229
0.40346026993374506
0.8797207387503552
0.6088172171167013
0.22474673786689608
0.2988858666972393
0.32507686434375693
0.2539722886549603
0.1217047515011836
1.1244609391852203
0.1988267847235039
0.11753605967382633
0.0884515442054081
0.1502584059017323
0.15788219277739232
0.34762067709381633
0.5902381737129506
0.34249713350250943
0.21483032499470342
0.667085332994136
0.6010439109495118
0.27486189440873077
0.42548163011093354
0.2796744892127413
0.6794550729975586
0.7160450875454374
0.7270812329075315
0.48320422577512745
0.40963640609096147
0.2769796982917255
0.4548960483693266
0.4328308119971167
0.18735233005372823
0.1920081306736951
0.9341860637541309
0.8272104727434262
0.29095143920904326
1.0999409327496097
0.06876472358980959
0.5589290133355634
0.3094275546399939
0.13108770613558118
0.071580906361206
0.30560810247146086
0.48475364116746494
0.23236116683155128
0.4290987122894665
0.7153012544446404
0.2561911308477687
0.0956043121710121
0.21158312953549038
0.21068345269592473
0.35155795911941407
0.17056361768391118
0.6864913584971403
0.3244179597617185
0.42272056764141697
1.1976045783063904
0.11643168951488478
0.45656703094070333
0.415415938721867
0.49321771601957587
0.19166926584647212
0.7220070076397798
0.20716678013737955
0.1448914040901001
0.2405806433709517
0.27339495683734427
0.42887254601850167
0.3505610971741959
0.3514100733578362
0.1771478941852288
0.1093100345628519
0.6709086523829083
0.1020049074181277
0.16014696680755
0.4167564005835784
0.203479254921448
0.35622772820325377
0.3481130672709046
1.5825973787977277
0.2263917052532186
0.061844803136306206
0.4370215397664774
0.25716342414054244
0.1775169793655488
0.368706573035506
0.1745347087330528
0.25852053372717426
0.2627580716560687
0.6256840733667963
0.19925750444621854
0.39038990882846647
0.293420670136635
0.4560398542290579
0.2742037400444322
0.5554078545217668
1.1102863848062907
0.102400378279172
0.36399982529019714
0.3721187502125631
0.1458645509092579
0.36036888898554725
0.12544958635523068
0.18550800160579442
0.12125712996478308
0.4700999563085687
0.17866474452694048
0.30255470186062217
0.2264530979798641
0.39803426881495285
0.23627803596413627
0.11289866020164349
0.25776297016322536
0.7035576958573513
0.08881070796573942
0.3222411287112904
0.0800333065220214
0.49294241707598574
0.4223776095072299
0.20412983499713017
0.3559028102739202
0.3289946358015758
0.1731874406409955
0.4394881885461335
0.2550424355576384
0.1302878926897874
0.2406797737787818
0.23395298640482318
0.1990076116203821
0.38234592400690615
0.4203927607872205
0.4171494021056649
0.21582452898913884
0.10289460594976489
0.20579939822821486
0.2737819544612078
0.42719035901598185
0.4531645258665996
0.2599933925143089
0.32702946341510497
0.3697627111899827
0.4203092222793967
0.5206981731759717
0.7532331236834487
0.1340129226432706
0.20059458145528564
0.5799369632410785
0.3665152854863095
0.18626583504836663
0.1065059773414507
0.7347884427733895
0.31183720043293606
0.9033620977903455
0.15811445245353253
0.28517981339237364
0.4986258856730646
0.5744990668916599
0.7161041402648394
0.2678285407736978
0.3944585828149044
0.11765769313900759
0.24742904576624025
0.24851239314750187
0.27149376841349776
0.5870217124185557
0.3447979483089354
0.2318098704307332
0.45125759024982326
0.5688491126567125
0.1519902343712581
0.2805515512228137
0.3935812280694998
0.45046470211429407
0.3344393977479852
0.23152385049968943
1.2632298262698898
0.1447550281623024
0.26376452376448
0.384781495299528
0.2578280281254646
0.1296213780123265
0.21932786103682161
0.10663526650372052
0.46635153045385336
0.3329126404129577
0.07044349583865431
0.2706463528573617
0.17079468520393248
0.5025284623008749
0.4426573881064754
0.4401914240997392
0.2512621849310816
0.17596390738095302
0.08980416201323321
0.5392693845793401
0.22775628668482673
0.8448867671771847
0.2853355603096137
0.07328609707986919
0.22119652265956066
0.22789252013155775
0.37625823293120936
0.07662279937024541
0.16803373439730449
0.18802200754815007
0.2261278256644524
0.13693374916069953
0.12318730576046319
0.10501622303360252
0.19339627945672422
0.7214239908365632
0.0788445618170089
0.356498028531094
0.48247963805236094
0.2293482135616232
0.5093084593359806
0.046108352763628305
0.20679439721762738
0.23034725110561727
0.2267163002111565
0.1969990241579159
0.11223347192776328
0.2608750604225218
0.24671527446145952
0.2693678249180021
0.2688476705591086
0.0967607490644771
0.18080511388352258
0.5273295133125303
0.5147704594518161
0.13329134829112588
0.34279739892931793
0.6120673946750774
0.1339375634307512
0.1948786162015173
0.2947704764355951
0.8283968034655619
0.17784570503388658
0.37107237611122773
0.14476720178925728
0.09015872483757799
0.26283725799017893
0.34787667946444323
0.23831808080307645
0.6300368322167598
0.080902189272335
0.1281470286763804
0.49481504322460923
0.4407392642416962
0.3721132698668228
0.30336967267350684
1.0428801536128056
0.0802651639491341
0.05016559106597769
1.002473332154326
0.1447519728563684
0.3692546246637355
0.4400552824047539
0.35394122108569714
0.2959828959970997
1.0913844224638252
0.18682058511491484
0.24372197241810534
0.5758635888938224
0.3506862312812214
0.2150671569423727
0.16865871797111753
0.22019409061243844
0.23723172288366595
0.19841406511515108
0.19171580041161973
0.2822828938668683
0.1834466824307823
0.131988800169734
0.5962802142092659
0.36919327055860973
0.7245740957747697
0.28281415774784346
0.1970784586518768
0.3776425326015105
0.31082338674418275
0.22361798686267328
0.2220808117722582
0.09618549115079832
0.39538268575303387
0.1491574781022339
0.15788886731005844
0.372882061382881
0.515611287507253
0.2020832345758665
0.23115797390092382
0.8166345053058744
0.1654339903813838
0.22568585858136095
0.4823409405696393
0.5205938878852749
0.4153202522763709
0.18894769191745553
0.31130365399908744
0.17874365555414257
0.420672164099244
0.2788544632469679
0.23552718656429644
0.11785495467653498
0.4906621916624073
0.08637008747996239
0.28716889588626193
0.3629943859289772
0.12829660514855631
0.179829091213213
0.3737293397627553
0.1931587701011815
0.5968754963457156
0.3915050139250712
0.2627738360578027
1.7245371443385058
0.31456399966748044
0.19499686539470373
0.8839185067818063
0.3484525116953332
0.1479340938336014
0.30650780825850726
0.14710958218838233
0.25591297922238093
0.4120413592839611
0.229263089494866
0.10190955091057839
0.10058840298081621
0.4987645434364488
0.12492047877406079
0.1553746635620208
0.26334828505150815
0.0981780108786682
0.37110533206911667
0.2528472126451575
0.4250826266021994
0.1392260780519165
0.1279576634880877
0.639068908331005
0.1763183759264096
0.4180786694773344
0.1767210690936926
0.44995984491015384
0.1397110530517478
0.3362547598623371
0.49895186642983547
0.30012059497056176
0.1402540320574018
0.1466821465180871
0.7498592719211838
0.33060280639149
0.1194752315756669
0.5671279672121405
0.15991279153576765
0.2183953363322637
0.612657085433399
0.208197152510738
0.2762292555408248
0.3681154512976237
0.0438494127998413
0.135070241347235
0.18627062014063162
0.29280330532758486
0.22257161180535
0.21331467126821807
0.1667948202444266
0.24532728661552475
0.3236112321143238
0.1283397223528755
0.1329757085822686
0.12636575208004702
0.6564124541812613
0.7160754131120755
0.5334251549720833
0.6755766481093728
0.7135433377577626
0.31839554448976176
0.1333002581700217
0.24787843237730328
0.45685270714165116
0.41793058237333014
1.2084241472425539
0.15695326847998609
0.2533912561446046
0.27381737445246956
0.1955962341310241
0.2266807283140415
0.4831623887920877
0.5324174827537401
0.1679437367715844
0.38325748465046894
0.17854238121587274
0.5858640081253778
0.15709722152072142
0.17497424979920448
0.30245434563613405
0.1046910671852459
0.7845607618344864
0.28804382707964077
0.23590217385172432
0.6344139749851745
0.1640909086152636
0.2368214811531229
0.0626194889245943
0.13876371986806352
0.1746373726287502
0.1595823404789502
0.23014878579097192
0.19408882726885163
0.1972481252615213
0.9974456861120152
0.5230221525368909
0.30256268625782734
0.2237663938869702
0.32842760624233736
0.34404494357832965
0.2978311794167582
0.42455021103013907
0.7991896728883187
0.15708590152242713
0.1439448794468391
0.1482188930734172
0.1270885892110214
0.31796323080295236
0.42863380665228734
0.19407410331761132
0.1329183755888433
0.15996587268441992
0.07488604275006279
0.3975618448267501
0.1075492224513915
0.0248452803840771
0.2116881457189725
0.17739233141059446
0.32175166741833583
0.8184917348278067
0.25257277500503394
0.2634901420470664
0.1084817905584157
0.177930137094653
0.09547220599109439
0.21104584118200104
0.1445525248414138
0.5177400423992652
0.24185426968873483
0.22919843253238847
0.7381757620277675
0.1055804541341175
0.0852426345014652
0.39700810603117576
0.135521783511736
0.1747366879342977
0.12502414699902747
0.15687111624242034
0.6376648221196858
0.24131224894692693
1.3693706323634052
0.058696072094698695
0.29719558071124436
0.4141198191324353
0.1392668540172725
0.703580636909608
0.0557633305936478
0.2284758150110674
0.3207560758686573
0.20932816794008954
0.1191284816097402
0.69609392675962
0.1144163522231258
0.0734675623741593
0.1956499802658438
0.1431660611239354
0.2941937151308545
0.3391922955853845
0.2685387991343534
0.4676387865022253
0.10448196305580061
0.8802987247073357
0.2296558281417715
0.14444355202406262
0.1551640322775715
0.4299278243557788
0.22684070229685696
0.20354287184460268
0.17281533607310492
0.6238233725253758
0.4915739697043278
0.1632211952945405
0.2147111866978249
0.10098522328291101
0.5536869669449942
0.43023632240400084
0.5338448165473761
0.11268686435011299
0.37834189595501
0.06498406426717199
0.3086568737867783
0.1111754565235147
0.4363019244922876
0.12925834430869348
0.17339237324643186
0.3195252436206071
0.27288965515840075
0.12740552289124263
0.2988169868031208
0.45621539093950836
0.1489339545424212
0.672587273912763
0.3360740456614321
0.3751561470282977
0.12055363145607001
0.2913780449699404
0.32394080570652584
0.27164901293785354
0.2013576587637324
0.1183940730226267
0.1250723265778516
0.3682396649610562
0.088747988663565
0.1485284434524372
0.1862185527846221
0.14667626080809118
0.15099172105120878
0.43627365906650173
0.3277292108491703
0.3063975666264151
1.110625592512442
0.6361457464508465
0.3325709127057548
0.16099354104288288
0.11862828337937442
0.08762455155832502
0.2777577231370929
0.33004268814648885
0.15950522637426073
0.18121628878716706
0.0594206926435943
0.9507942918096333
0.13356507785964972
0.1203953267554331
0.5127062313436017
0.1489823458410045
0.13915661428221013
0.1334218948032616
0.28623315444974856
0.32985328804639913
0.15909626083375902
0.175407664004869
0.19789807639904927
0.2499480105176602
0.3161429766864593
0.24626902221553706
0.100995977974214
0.058797597465377605
0.1999229752190943
0.437293773310276
0.1231809471454742
1.4501676897331537
0.26011290055166336
0.6950168644505769
0.26230954263338224
0.2886150374803954
0.3671343827773029
0.11536757938190359
0.14190878502630216
0.27072305969642463
0.23404021845534928
0.4666435591026896
0.221242858385523
0.10765271241814911
0.9526444374570682
0.2755364702761919
0.06873605772839379
0.13109921417141482
0.1087455248891835
0.2066645569529405
0.42715283774969437
0.1479181274229435
0.2836839487443263
0.20183179242867158
0.25290137092446235
0.1869352884828744
0.1518963490134711
0.1184592047442081
0.2903274996781675
0.22749558562437633
0.28302606113369283
0.0944733154904098
0.1740464281441252
0.22945683415881724
0.18360085942351534
0.17918100841563012
0.5158980098279752
0.5045389850364581
0.4687807025079199
0.5618410482544541
0.1224788424381329
0.3222696923035454
0.1884963814381023
0.4006667066637655
0.29750798245822785
0.37295652496191833
0.1564882460197625
0.17410762738686908
0.2885647193127575
0.1638881283209249
0.27178032456603785
0.12016897628462239
0.4341189120554153
0.07326166130314202
0.5583053180177114
0.5941258680031252
0.2791401167361883
0.1454171344107526
0.12584553016171862
0.0932362606095052
0.6401865537098372
0.1892812171237656
0.15258523922323408
0.1429223062364038
0.22385184701907423
0.2927817518689125
0.5565711903192256
0.1685543335247327
0.23806011451966524
0.03944251462724781
0.3431994419268537
0.0904808672123173
0.2114697566300944
0.6856293843999783
0.101608128928322
0.07432634492802319
0.13846715493806827
0.3579881543636498
0.10275912408721681
0.2438969651298271
0.1301156235452115
0.613862025266579
0.16530179780894982
0.20145732253327964
0.2796971144805886
0.27872957838566415
1.1464160730574529
0.3598628774274033
0.24623252327942247
0.9123380340217413
0.37677295996416327
0.3438888948839271
0.21404185347064675
0.2671288142470527
0.10924864427416589
0.23138175385977353
0.056232788798192594
0.18613417674690128
0.1748794832534257
0.3264764740470095
0.1229179051085506
0.17118743403557413
0.18975519997913706
0.14857911211000088
0.3543707959578777
0.16151463516334388
0.2930241046853512
0.3500888182328573
0.7641055916534215
0.1540616699122104
0.2930046680758347
1.0404272396063317
0.5038572272725726
0.4364029571682763
0.2310571676781302
0.0888358564632645
0.3742338210336884
0.3181970229648256
0.3645048926878035
0.16665592863370576
0.39125688638581174
0.2908251117048901
0.13118661260094733
1.0671320881137825
0.1777542235891303
0.09033233012379198
0.4486072130542563
0.3787054049292113
0.1690920811748193
0.1925206204295253
0.19576529948055127
0.1691931393607091
1.0837140904947282
0.2284808933890423
0.15098372723842962
0.39837515498568865
0.175873817250597
0.295045070587694
0.23665524470410315
0.09213505172807411
0.22596427828989507
0.24330002184059274
0.17197586235857043
0.8797135588140131
0.0950422874866475
0.7479413456794192
0.20275001096882206
0.10293114332576639
0.32346667686587993
0.20019694329463741
0.14871887616781237
0.23286801982936775
0.0813192859317397
0.17890697442922648
0.1348266445057636
0.242991257110619
0.0849811552378701
0.10204566026431452
0.12802430888207
0.12409854189632827
0.028303216708543605
0.4051959145473716
0.2458179682857024
0.9220416371899163
0.2409903291170734
0.2794361403599009
0.10104580234832529
0.4542269710410502
0.3077490321710552
0.1780190005626548
0.202131174253292
0.6026863121493122
1.6511304733707495
0.29987092025470274
0.3232018043379808
0.42158721244385017
0.6680048569290286
0.20637956702132632
0.39773511909032777
0.34345768109440933
0.43470537541639453
0.6345800401409538
0.2675965901045321
0.8529682510775628
0.9086561713262711
0.1492077095221471
0.09977732031728219
0.13745173469876662
0.21582746175822015
0.8752572465954388
0.1632539428686779
0.2531530138169421
0.0939536725593697
0.21272439666330212
0.17956683206100468
0.506108144455162
0.164016563576585
0.13162147586394704
0.3609916143017495
0.4846995363412222
0.13730451877627092
0.44512441973068806
0.14538084990599356
0.21931057272463822
0.17419210058794357
0.15073643570586504
0.3984127414696826
0.11286862093206199
0.11437167973606921
0.2201683060110481
0.0782105615923682
0.3325518418398911
0.2363718817763764
0.9663485277723757
0.1707178994675358
0.8296757208477377
0.20126845080436512
0.36383649321683975
0.7585255595857456
0.3304638044936521
0.137046569279023
0.34241261847097676
0.18147788500655077
0.2352266619625613
0.6981574312061588
0.3764376386939099
0.9265124639003421
0.320830919547854
0.3258418221515966
0.15229244859961366
0.1985421715905741
0.0726727502299642
0.3079750738856805
0.15856429067220573
0.1374553151119419
0.2906258967425359
0.0877720929461414
0.08563763933514151
0.11964144174734148
0.14918532584753752
0.31336158170898953
0.17357077813457042
0.1774487298834849
0.1535884880398498
0.38045766282413657
0.31293734479021396
0.16680672493872517
0.3082467937250591
0.24493592564339092
0.2847209676796485
0.1069365006212808
0.622948421301702
0.0371572260467329
0.20173800509328094
0.21832977177752438
0.297311809939593
0.3015349345829441
0.36881850241064046
0.35058681615070053
0.0852024223577598
0.24068296935286823
0.4371855838388458
0.28685531726914654
0.16701430910975512
0.20963282246798087
0.18220729078063463
0.17658611285568152
0.22215948619288872
0.1002245632187773
0.1137036725345742
0.205766632958684
0.38368478025845015
0.32998342934163594
0.24625627656992613
0.1324839337863109
0.3065420550786644
0.23303007747803098
0.5835199790700959
0.5811723684758998
0.853676131641516
0.520511194029615
0.17340890886174298
0.18745837686069972
0.3013329079117151
0.19780745093295224
0.8428895486475873
0.14810326604272198
0.21891385369773692
0.5011696378372537
0.21954377801820765
0.7760371875482506
0.22843589441802506
0.1890154743613997
0.34044551579033727
0.7188984514590232
0.1465553858171625
0.23455233003844878
0.1603745636745253
0.20968197918310513
0.41126859252000214
0.2521585613575304
0.11339482531343839
0.25501475759063874
0.34433017470957433
0.3427813765433103
0.20883844578111876
0.5059328818122772
0.5144096238941992
0.2975745696604822
0.1962685590314846
0.39886466889138117
0.202150887238738
0.5491461608579707
0.3107207692031211
0.14722309407564788
0.5192038488381033
0.520824742339663
0.12131839988402118
0.560679237139526
0.29260751271248864
0.6083264549659506
0.1323327071350766
0.20806335540930954
0.28223417578270693
0.4997513155755276
0.66332519030809
0.0337166003352655
0.5429725845428187
0.3650485783512907
0.8200575113943033
0.5349360587802495
0.3088862338702486
0.21921005830765153
0.2509782679709615
0.32841533169034853
0.10390318854862401
0.16434314417420354
0.8344430625639077
0.6378168268810115
0.4068767893117585
0.27752136248841053
0.09642909923706819
0.08551671428491531
0.2229316143921607
0.3907154868347146
0.23604655627194904
0.38140081884168014
0.0871703585075248
0.5696132677754479
0.6626251519093241
0.5144292900971869
0.12169092220222211
0.2163688141436471
0.05196349357162829
0.49435542060640103
0.48264211268556934
0.35937582278809344
0.5698292186955082
0.48463763225557976
0.6953409053047005
0.6840823226593042
0.7754656701004324
0.6853540664946323
0.24043835760086407
0.7129820960104869
0.17278556529953162
0.16031351372634609
0.4384881329125134
0.3484831872954752
0.2298093353415679
0.3914322851636476
0.1034064516941309
0.26763588605736094
0.47574495377484777
0.19791809172386168
0.20294868230950686
0.15656988078012762
0.557775914667734
0.1405474372274574
0.1140417575790517
0.29804568901075135
0.304718798379984
0.3495976369996322
0.11949891168792617
0.34048083640359605
0.1743266006775564
0.08917798500447689
0.0562830021359413
0.3251901456226262
0.1814235174543287
0.075215819158409
0.12249274942280569
0.34765725583054646
0.2426879187854708
0.2642151799519986
0.18513257615207296
0.5582917099709693
0.25796586028970386
0.23727205324315584
0.426803804210923
0.5426888160832599
0.0767209808021413
0.13944025981654928
0.46418828929761524
0.938493262400045
0.0930119031662849
0.22502452659316854
0.0611053188588786
0.3282555681915552
0.22926414301421064
0.9419656976096251
0.1694152894434327
0.41495247851545114
0.2987186160576596
0.295142478118877
0.2267217328327951
0.4306139349430904
0.2826259661842434
0.11225675653724193
0.0476262642754557
0.0844250140762107
0.2284763966121743
0.3643238256895339
0.3287601046124582
0.568128467554807
0.19239290889385693
0.24785337627988543
0.22590064909631982
0.2107931170826918
0.35081457103029584
0.4497567862510537
0.283625599140475
0.1779409433277661
0.1039222389021969
0.4658113388054883
0.38274391827033505
0.11279592655002929
0.4162964192632893
0.3207354544206549
0.16644656298056587
1.0391848037287519
0.3707710533118366
0.2146716467164106
0.10039939116563211
0.20092101206925797
0.3842859892609446
0.46673842003089305
0.0676224388283318
0.5322170410342882
0.4674893833973406
0.294403020025575
0.1523213230088515
0.38503800713787467
0.461161813345454
0.4875355413802013
0.39076421755517116
0.23908884802713976
0.2998766104485466
0.3423625554914462
0.11699164067351604
0.7183159001049995
0.23237338166072619
0.5033498678658003
0.3295640856745965
0.16254477419289526
0.0749101946918722
0.2341743784224084
0.608502759885952
0.441458906133962
0.2776407929046585
0.20898752623016237
0.24669720962571784
0.1957025455853443
0.0712325566541491
0.43226468503191406
0.1732142833644477
0.1771931627392024
0.17888126184381448
0.10099897543482499
0.16547160679719333
0.12889002322665702
0.28078455577706357
0.09298666412619108
0.06400791815113
0.27298419058653123
0.4034208381797499
0.37233971855064524
0.1875733034882092
0.0837051480194399
0.08342880058727199
0.15319870735564262
0.23148089394167126
0.26723063645731837
0.4642507682957601
0.47857007885154834
0.15095919517446593
0.1054012412182468
0.5771100897715915
0.5736354610949747
0.2611324058789969
0.10376717050513569
0.2729513292473271
0.49439560475103717
0.16660953241598392
0.2310261411875979
0.1489625324193081
0.41984477417167343
0.4875828718726697
0.1320513139963888
0.11434100336898961
0.1404980840106546
0.29101201448697467
0.0778367002142761
0.340506359525477
0.9554880744601595
0.5563238756542987
0.0825037693250103
0.12046164693312111
0.5887077688635951
0.278551652998078
0.1430414302368146
0.1411916871213535
0.273920964417586
0.4323056763258513
0.1471907825493794
0.1565921512219986
0.25375707832308836
0.4484392122426372
0.40109746326639345
1.3757287962520621
0.18876464269797003
0.1459503298269752
0.2851581511752651
0.21042272902499937
0.05852510212911629
0.47298739744840157
0.45928692039205987
0.4734869937723855
0.15073102023756732
0.36167055300758033
0.24696327505314009
0.35612395365889526
0.3936568992971836
0.09132268061400581
0.2582798875041378
0.2007686831907876
0.1696247625423581
0.6194948851859957
0.25680393126223067
1.238298007517272
0.24351335613477015
0.20993444756455476
0.6590257964091397
0.16494350815607892
0.2309968440407657
0.15884190768851938
0.3858048040860833
0.20703148981300024
0.3230755955378076
0.5135739037618366
0.2615882231481138
0.0778594614083668
0.8401589338987123
0.16644201668328387
0.17722714349370586
0.16565128209019483
0.34120003372937296
0.08890034680371067
0.3716084746435401
0.17355025933166343
0.0895249139309274
0.08200498892425949
0.170044302688498
0.15774932062035096
0.15020866914160247
0.15826153995248066
0.572397993380626
0.09752292249351509
0.44946604580012933
0.2067508047475446
0.13594428740671347
0.0823694973063839
0.10330650008968648
0.1829099588393373
0.2630919629027196
0.061356562276825795
0.33811339688238173
0.2025533202878598
0.2256843620380644
0.1627397732535883
0.19328374818355437
0.3817541296696579
0.0834121813634344
0.21344021782560163
0.22006826184736145
0.1812217922826235
0.210116292874114
0.1269821189884918
0.1175091058479864
0.11042227512585201
0.5308720062682736
0.40636634007879135
0.24284819773949123
0.8677485336594439
0.15351932331875293
0.336438295779972
0.3298192863441136
0.25820950329630926
0.3772268872006622
0.3493584099595406
0.24356267516036784
0.2338910085091257
0.1879212003232704
0.5892834454616369
0.14153076392855793
0.30385358405558704
0.3192651204045811
0.4326031062391396
0.059919933706892796
0.39694662537879755
0.41933752328065416
0.20279805780840787
0.2016524591188507
0.6427843919627567
0.0796262822535051
0.10805084318247471
0.6616417804928658
0.28522559143086956
0.14230459348707933
0.07387511195156671
0.23636831009507364
0.29095922562503485
0.35591791171702514
0.41570063011742714
0.2161222942041723
0.2572197082401331
0.30270707864079727
0.6010061890767958
0.5121330181250665
0.2070109953149663
0.2585468388730153
0.45095682375536916
0.32836084009435423
0.18773737975808408
0.2286928019907426
0.1580461832776537
0.5401315146848521
0.16499920533178133
0.41210746105966783
0.323754674740535
0.559480810377019
0.20607449840324177
0.3655755022376686
0.1371128022357396
0.1154011912305542
0.2298523702721929
0.0922552013144971
0.6576460724144049
0.7226506256024076
0.107062884619305
0.2849023062130675
0.658364084239044
0.32166288568366763
0.21251263320797625
0.3167522151079929
0.40852201222573403
0.3317189330902381
0.16869908898459163
0.10100561476509148
0.5228592480264772
0.3344164725022703
0.1368586445342784
0.22300635276784386
0.33105861958118593
0.2053047535622029
0.2846016942563445
0.37573422361748826
0.3443686855626394
0.0625213904937424
0.16941312185413152
0.3690983059419355
1.3258653047637439
0.1762974105772745
0.13484930502347042
0.3586018579751959
0.41916916117172454
0.0391684850130167
0.14465784393863973
0.1469700014685131
0.30934364627901983
0.1636422374296523
0.28278800127199794
0.22002401406229533
0.13178694208040911
0.2428302852154193
0.0751676659539065
0.21946599085276253
0.11116601322280681
0.1116390131731724
0.3425192218731891
0.09052472250633911
0.4344894099213084
0.2824069911160548
0.2643411939454811
0.5894867855523682
0.0608368014934729
0.11418902396019023
0.0435318958347019
0.17258170030377323
0.0473399456951733
0.2246401292046734
0.08430632222436471
0.10203112734648082
0.16135329297391862
1.0879123385412142
0.5066396073175993
0.12260116863487827
0.80303148339891
0.055071626845573304
0.7524733586530903
0.2955950242863005
0.17938212755853508
0.24928889312217814
0.15583056903785594
0.24103008163954306
0.45012615763260694
0.36827024345707055
0.34907435647523566
0.074333571581724
0.2917493330838588
0.1060240920978829
0.12259547074022759
0.15093842498842572
0.28194491454180104
0.2076730223534657
0.0960445954393178
0.19015234280675375
0.2861767741155074
0.13192484419391473
0.20231357643319575
0.2096592172950543
0.27652509829715455
0.17687245963886628
0.19861089097152157
0.17175114449883083
0.12831032805611112
0.12101876029508297
0.43783681736121494
0.23162836838581957
0.1758978191819468
0.3670715681938618
0.3460859061761466
0.7174795277844959
0.33975054641662633
0.15122655017157763
0.3103212084088579
0.10834333357944187
0.1814760192874411
0.0363965497394626
0.19460180218848577
0.3316957143333819
0.24551582422188634
0.33339289700636676
0.19742305251669717
0.27061589477222636
0.24574955693616463
0.06734049942513579
0.19539499072746924
0.11266155022359531
0.11483389226103341
0.20460520758582307
0.23332190438279948
0.5432424343688886
0.31719587324020593
0.09952741067704729
0.1253175147087345
0.18705029366874265
0.30745067840971696
0.25970193995191443
0.2890705078113823
0.093093823812299
0.3298694673544019
0.25175506098559536
0.18516017130084417
0.032342296620315805
0.6148376146462398
0.7402668601581583
0.18254934613253582
0.0791357721861686
0.0844224425638495
0.1471682024218608
0.0925287531168126
0.06081249920717129
0.3058058796538618
0.22523780463703386
0.12498921926771044
0.2845749935738782
0.16951575513229425
0.0986186742260018
0.20215950922964276
0.09548676311019791
0.2163992792794382
0.1604932529908067
0.9896468168097657
0.1841881451626229
0.09150310212600059
0.423926418107316
0.1786262894603268
0.20041425092957493
0.0850887289921839
0.5358395600154086
0.1395525388419961
0.3120624633446284
0.546474458130085
0.2270999269421527
0.23967575277503214
0.0999358157910907
0.2532392747303592
0.27629489527160767
0.142959139580237
0.38532589010070484
0.09220990971950571
0.2898498818405358
0.13014873439479716
0.630406249363006
0.2753555458963132
0.1039172478113093
0.16303345288610507
0.21721702730869719
0.1386288224359244
0.2520209762170271
0.1634841448832108
0.14557345859964038
0.18509639535302638
0.18254327910525422
0.1350470888042416
0.1836490900497547
0.19599660108305833
0.21243379554580938
0.5492390994246236
0.2392765905864714
0.34187539015425084
0.5429941375034562
0.39153323983129407
0.13825532189911108
0.1822280807270803
0.12037965543086121
0.18354631427398915
0.4100416608472437
0.09522486963139641
0.3228343877042567
0.1344024132039653
0.15708819953831374
0.5054556050868927
0.172452068724752
0.1718489715859297
0.20647603753612642
0.09284760025559359
0.3871422377020653
1.4233496168030983
0.36097844133007706
0.18572733209890308
0.2523886000491017
0.0964815500677535
0.18493991365524487
0.1728471247967629
0.2844767667778142
0.2571778806965205
0.46019806520298595
0.7150640806388835
0.20006435390936347
0.1397319583329718
0.18441942755529506
0.22313345123421502
0.4174842353116607
0.5357772145471986
0.34142751897921186
0.27825274628684826
0.25314911547929786
0.553566890292783
0.1187254549588454
0.449945835384054
0.1317724969966228
0.32005519106699826
0.8571319735668459
0.0988940676094454
0.7217309174915512
0.206552006802743
0.28491668071982396
0.2553204843716719
0.2273185879585196
0.22057316410589134
0.5572173633069437
0.19366818071789735
0.19916681109731899
0.6079755719076776
0.30428853875731543
0.11560692165474638
0.11990687217925872
0.4239574990789522
0.228858191986187
0.3759692568053416
0.34652699047508134
0.12109696084466948
0.3615144432537779
0.22733858721407113
0.0838886643638548
0.46418770453473346
0.1364992532607847
0.22014683148689762
0.24527373282196757
0.37491536658838676
0.3320336441729368
0.47251868163789
0.170041213423739
0.5314444834075892
0.812502132890264
0.2212626150600288
0.3928343181835624
0.2211766289363406
0.5387182244420761
0.3897710079088648
0.3844291482460559
0.3765299098684136
0.7784113457467793
0.30661054196547455
0.21632423108707483
0.19172902782012197
0.2822571284448429
0.12827659807851338
0.11989261735216528
0.3484593703949753
0.330114748545104
0.40560656590703603
0.34124964861929064
0.21127768389705087
0.1464033960580009
0.0997039085464283
0.24336313161379503
0.5595013335181829
0.3080591679758016
0.32814894042492343
0.3311558066068742
0.0896285893174483
0.688111024733403
0.19839021580138488
0.18891040708531284
0.1126514976977224
0.09613473746379622
0.28293475520427835
0.1722713328929054
0.27964060106899874
0.20423686802000576
0.210237081473657
0.25575376699259667
0.17788976086313957
0.2724153058919562
0.11950788744450991
0.41950639069643086
0.5060383610012646
0.59137647183178
0.25615294733466365
0.4633402475590609
0.5968238424779775
0.2160280627767946
0.17978571034015073
0.23122586593516697
0.2310938612823631
0.17963820613978237
0.24120280239797826
0.07322346794909682
0.16153213705592154
0.536834393815302
0.23271516847542692
0.9540722191920139
0.1960040419247812
0.1566996330498338
0.32804438709012324
0.13209701979544541
0.7339987265054625
0.0671443984394375
0.17925078498076585
0.15156079176535028
0.27075527992194576
0.523275127955674
0.14774802149317534
0.13249774422365085
0.1383980769506106
0.21717334049766324
0.43441654487893633
1.2335835787259644
0.6056664814401611
0.431556469019988
0.317815885348079
0.1269699620117096
0.2317962263943399
0.1701178878441037
0.1534203499358047
0.6580012667288357
0.4010621481162467
0.13732411150490353
0.31424498947253554
0.0944683014994399
0.09596696004637699
0.16933674315549682
0.34027448079764655
0.4386759519884974
0.18835446698212138
0.1884178557682301
0.1066123971718703
0.18602816308139897
0.1068499417642093
0.16505899877656813
0.19923685868087443
0.19203477488430082
0.38755494831011783
0.2598060325101092
0.45599092487636506
0.5850596626507792
0.09352687680236048
0.4531991371672296
0.07448327631343502
0.0704898992771519
0.8426024458178645
0.24056668324414726
0.0601078514422871
0.34582768002176617
0.3773263763253867
0.33544441682645004
0.5314964817681902
0.13456490588311582
0.3597992309225422
0.6642942475398613
0.16143759062218857
0.0781069705156468
0.7456321062934379
0.21309497222514984
0.09091339382111069
0.2712942134747368
0.13927127644253057
0.6454551015108188
0.0763754977653295
0.15099511097141902
0.45911911207918954
0.194894490789993
0.19382593415688526
0.0765297525969897
0.24105954285623485
0.13485438272782976
0.2285431799640431
0.046390400230704995
1.7530807963630182
0.0881014555805824
0.1214548649155684
0.5524998115068729
0.089722415072579
0.7137250668144515
0.2301171786401148
0.6563862385659924
0.1931070361890097
0.149077384059287
0.4585039787091446
0.6497861219737495
0.30139388385743926
0.4828104625110272
0.15947944112919502
0.3840685727421168
0.43536091580878156
0.0709861114869048
0.30992048084663965
0.1850125595222559
0.16372868249654293
0.3087160929587369
0.5373647934810978
0.1004762056751024
0.384189277587237
0.19916838441878815
0.12468967261389552
0.20139850220759403
0.2140869702231176
0.2040411076134156
0.2406073842474471
0.46819300391002794
0.3708849933597641
0.32650767126221225
0.5196714167177184
0.19065910398944086
0.33322959979995626
0.1778705899458214
0.19495940648168286
0.28656766687242696
0.34608700007543736
0.3845693762670662
0.276616435717685
0.28593260527382025
0.17413239253792445
0.0671939057223396
0.6946448696583316
0.24690438184892216
0.31904248291275245
0.2379143821722426
0.31837173678142205
0.20643304464056556
1.053101126131326
0.26634195761333773
0.23038553391712857
0.1471093993230083
0.0891840001290708
0.535589935087104
0.7757703758857649
2.0531358120330596
0.13510044180051067
0.40920864986674527
0.1463335161011209
0.25222744154672394
1.0658328152271
0.22693448803962846
0.23081172819032258
0.21948882149604831
0.21963436455276797
0.34750945426228735
0.46637126593261985
0.46177583438910996
0.47950162780172045
0.6287757906865401
0.36330562730867316
0.20652061155768558
0.1736347938555194
0.2615554877952649
0.22862612048117764
0.1075439816138222
0.27666734750552097
0.1975830702488494
0.1314425118966878
0.152416833595723
0.5089335009298807
0.1252070584552665
0.5331083506143918
0.0992231259636128
0.33522464172051436
0.08644135742333639
0.16234267603332966
0.19992069668419565
0.2837309793020385
0.1949736997768588
0.21801730708517322
0.8624298327007026
0.25551910636525366
1.1004281888024208
0.07229370771710991
0.2972813693255647
0.5637470125812611
0.43836559671293374
0.25996033709395233
0.47099428917452474
0.23023089536576072
0.16068761437800977
0.12497516357181376
0.27563851381676086
0.19767492524793795
0.09646279251451839
0.0796390922904771
0.24765590862410694
0.8019709615843027
0.3291566015411522
0.5485743001066202
0.2962344592894647
0.4903642505269403
0.2457482828910987
0.20304417663474741
0.25744485607649753
0.9421946900874523
0.5532620665136412
0.4153936966703704
0.20899616782892522
0.1643830495140769
0.4353975789055382
0.4563278503537357
0.2671222944058841
0.8862224200340207
0.2676306573366595
0.2814894419846679
0.47399332195408495
0.7106531850024346
0.20734528047500167
0.5542817042211721
0.8122510842016418
0.13715385603062738
0.26828065665573586
0.5476009327345124
0.22632544894530685
0.4614434072989184
0.7469680191036225
0.1413083765330296
0.21144782847309307
0.5026600820378399
0.2562708233161371
0.3917908879815563
0.3493862863104683
0.11034041646113452
0.5966238996076718
0.2720912019854598
0.9874021435040587
0.2049348986972448
0.2496978997345539
0.139808824423021
0.0680694408768315
0.110946678287807
0.0757119900981868
0.08844245025896688
0.1953273999557026
0.16765864427476504
0.14316119017895051
0.260217746900791
0.2246250616390379
0.5239935896334327
0.7248965806020888
0.07393604002983241
0.12055618136963028
0.1214770926760446
0.3699495779371056
0.36077648791193734
0.30157376062900665
0.3130321021666747
0.20953202588721703
0.1076039024802193
0.16010626905251313
0.10176585844185132
0.49911675331524913
0.21524553609186606
0.3007115053253223
0.1017819701483776
0.3275092534433978
0.1325911174013406
0.046922403474354286
0.1714030838324602
0.2193127184304715
0.2222672074803337
0.2966434565696543
0.3103840403664973
0.2865800171148444
0.37691771933096574
0.17049003830271742
0.27913014228886024
0.2438791668787662
0.27217860069176886
0.09424562926449861
0.2155411108480152
0.7246345000089396
0.3929806158720105
0.3019966822618862
0.35222476694550175
0.2774234746075952
0.2134734915558704
0.3801979190040061
0.3986772361018678
0.4666879387772005
0.27983478560309333
0.1310376212285987
0.030525741936386495
0.5649586826944435
0.33807871155067437
0.37555944723773294
0.4058831241048272
0.7604850147863862
0.31861175046195755
0.2825176968382157
0.19912410533984407
0.4399554782629537
0.2808601370243412
0.1706425975538891
0.8846443076239929
0.8012877553874789
0.7901914383480471
0.7370494998041597
0.1549678135217225
0.15283318380356342
0.1704524299260276
0.4287142799227279
0.20453904175440862
0.703301038422153
0.3366911093661851
0.12136440952497822
0.0751796031941151
0.2187229852088255
0.43568606921663094
0.1860850618297698
0.3374233121087699
0.5265790058217974
0.33551130814653074
0.5369792366242223
0.5712022185166623
0.540032204981672
0.271972639132822
0.24973861589680865
0.1345878697075785
0.21548679965625528
0.16670041175027142
0.674520054667177
1.1196815869161822
0.33464941612173377
0.10487153077996429
0.4268201273545461
0.5480021314517618
0.8436041147154052
1.017690841066929
0.3202360589504858
1.0106975337074005
2.0353244227011493
0.19954399899227365
0.24518118874358363
0.1280334653894022
0.8155881817907762
1.5977928691852088
1.8382515905847465
