0.20017780289239118
0.48254324945313465
-0.043053009496216155
0.1814769667238756
0.36291555907507356
0.4062822636707415
0.97889721540324
0.029210723191213206
-0.18729563170761687
-0.4063796860911624
0.46990923072245216
1.1089287729107185
-0.382771258568938
0.15741774926990537
-0.36248285860415996
0.26283698951200857
-0.23130685284490482
-0.17425019971267636
0.002038762807346939
0.33076020296460107
0.16163170873330257
1.43155325119617
0.12776494231530328
0.0727970700954238
1.6690302885799913
0.0976207708235371
0.054441121093271816
0.6660293450048963
0.8199241182654703
0.32794805877103966
1.0733616935212247
0.8806151658818644
0.7980950370272165
0.5359847014846095
0.21076963383607475
0.7360839520802722
0.368864739418306
1.1773683441760745
0.837415811210289
1.4997453118398916
1.9917736776804393
0.28559881210460547
0.28429028632460285
-0.13930813747420567
0.49084330174953195
0.323576664491937
2.6509676357856597
0.35418551606202264
0.8000868043423098
1.5944729235831696
-0.05938882562245207
1.690823023427142
0.11976250274870148
0.09232117047656052
0.6484450622889887
0.038580832817471836
0.800832533317673
1.3724405397702335
0.41442101444163537
0.6087530015008509
0.31098472200913374
0.5996106897353886
1.9798545708574333
0.26963489991127193
0.7293217024136458
0.550896429602975
0.7778409465503748
1.1469091635359807
0.1084494299525649
1.4226787237413037
1.5996903851704858
0.04886954061715226
-0.00958402858776064
1.3377979129257391
0.6427762251053366
-0.0767034825091919
0.5324651363370111
3.307513172449971
2.6684214002917104
0.42852143253134223
0.09525317071125328
1.1547314504694277
0.7630826665932807
0.9346153576316346
1.9936184627266353
3.5387668652683155
-0.5411743315834708
0.7390223824554866
0.7186768731896644
0.7617388055687643
1.611196457707278
0.6425778147427239
0.6929112931204218
1.3248439207796054
-0.12158606311027231
1.1144381934484466
1.313327235975446
1.025105731200286
0.9512002115362432
1.2568599271204213
0.5275019124274751
0.05034477790390879
0.5299094761804106
0.9232646446717054
0.6079671672565294
0.631385875177034
1.9118336946895769
1.421745476683571
2.9431966883446448
0.21813021729355275
0.8954009746796436
0.5188946373127066
2.2945871334871244
1.1520311663272986
1.489705000421792
1.0768504656381126
0.7788883930236365
2.7710295461640717
0.35135058346573
0.21505824729342626
1.743864274082994
0.9951014698363172
0.6734110050469679
2.9976603862979028
-0.26600160826087543
0.6459309195758653
0.10034672426355357
1.6962648280598422
0.2574165351946293
0.10940738835079733
1.3270201535271497
1.559404187221109
1.6217089282992734
0.6978461255496691
3.701042838859816
1.5104497135435326
0.18310663198835248
0.7199462945202678
0.17156039996844807
1.592411872984838
2.3070928986180443
0.35370947686472154
0.9602425118985187
3.18933156412998
0.703076168737985
0.21284805950921196
0.6716504284214406
0.8870083023948947
1.825770296811395
0.6425609250255045
0.46912070099288466
0.7987331564136095
4.108809025004402
1.0245319731399243
3.7231662123484712
2.56866499035054
1.6154243198492113
2.1059667006828597
2.015905804649921
0.11721507143140131
3.782713243160919
0.27674920619871
2.69888797874418
0.08874903483096741
1.2747689969422682
1.2805780783041758
1.718788250353499
3.143240448168754
0.14260952702456417
2.236418815375117
1.2110967616439645
2.3504250288457555
-0.03910340665447243
1.9108861049641028
3.171454490371852
1.283384381674653
0.598708004636479
0.25216637578195567
0.5487341900221554
1.2387784138770583
0.30887782095973415
0.7293035270423769
1.8584623132945075
0.722518495512323
1.2404079774924668
0.34024438136074875
1.9976828870257601
1.1966291360787864
0.31452411976322064
0.4655831120229985
0.5315205501199861
0.1986032123455277
0.7440260681770741
0.11636214036720793
1.8797740301083312
0.24904497585172425
1.9203958679801163
0.5179851813101237
0.5804137062469819
0.18732075557925099
0.008982087128560697
0.1817936174402787
1.0588150137825745
0.3005101479394877
0.4606971937683857
0.21887119343765643
-0.10188142098862665
0.9398222852929153
0.2313686299399395
3.8405852971846772
2.696884697881625
2.544418492950457
1.172507284282542
0.3680758286704484
1.3504992053707927
0.49809424610880226
1.0171381979980625
0.5993525322306417
1.1287861867210467
0.1029512394083273
0.7957294433138922
0.5753905877083342
3.0468077973651937
1.1751135108073878
2.201122871024274
1.1619419450965325
0.5980391711273584
0.1369171679364822
0.723340822399166
0.40690609650647236
0.0493994983861689
0.07808066789787843
0.34842695542393964
1.9194276008088957
0.939078029129421
0.5565928387248448
0.7470452230665441
0.03918335925851919
0.9043931970933767
1.9047855859207534
0.6838281698233687
0.9950039397177537
1.7436854697087523
2.437282658841869
0.491219989771831
3.2612417824266293
0.24993318658293096
0.18819421235672007
0.15056053442981615
2.5689883652102408
1.5580269243604168
1.2802389738244546
2.7855189031756717
0.18069768078577142
1.1473930210304264
0.790884662015547
2.5042684716136074
2.821585361841663
1.4986091370953691
0.2923411759026837
0.49515524452539306
-0.2156047797581484
2.788157985770276
0.051238534433085015
0.7932904803884846
0.7624792004669401
1.0559599900488528
-0.014207861299660118
1.5873597961801087
0.9967907074610558
1.3414864001712439
3.714483097432764
0.3052848603425602
3.9997073582453195
0.5777616790124408
2.0004467742006824
2.8222196885082265
1.6210572245910413
0.8972358478441498
1.9413406870073087
0.7966283213233423
-0.1470429176098032
2.312666232143926
1.5992464417341736
1.3815969289564376
-0.04542598772777291
0.553680479706677
0.4488511934090389
4.268862386949333
1.277075550276268
-0.16498353094203627
0.9921909139006588
0.007944642768565546
1.0314173491025822
2.1648440815693073
3.9996662043462834
0.4007815190734404
0.4459599985078637
0.20142379145591632
0.18162803837448271
0.25141122042064534
2.3328867399269515
4.0945189003783256
1.2895375049842897
0.9274557480298133
1.340741909442538
0.6544711894676913
1.0949499106026392
0.4461427712594388
0.8223292140268481
0.07147568948258248
0.06587789053838021
0.3892055865482318
-0.8812832647277342
1.410275915793063
0.5879914063472627
1.0401520525288175
0.37221260200444695
0.14821392783433573
0.022669602932206614
3.0307178012486506
-0.012682167167495102
0.09508410496940067
0.3745385978157484
0.042731022218177796
0.07791981469416254
0.536628326539647
-0.16709176769661593
0.009104659163684303
0.3896094078901677
2.4523674959388804
-0.43704219386182297
0.014628026227497704
1.0013441743041824
0.3234243135818573
0.23418806554368266
-0.09611475591124086
2.2221576691716893
0.8439763433259349
0.4465781974594124
0.2657795851385715
0.13736173726269985
0.2351084117755035
1.7331877751611262
0.5324474678927702
0.1392444891494985
2.2223752869794287
1.2648873612579603
1.927498572234609
0.5757693537633758
0.9605513891295956
1.34938620262935
4.066125293690989
0.5727655538290803
1.266140378784284
0.912732019440321
0.4180082620632776
1.486433311170338
1.0813184859770602
1.0818164186508366
0.2654528213764743
1.4805539039659832
0.42328441438869424
1.3549941912099204
1.590064252959062
2.3818588489935113
2.4449624286073366
0.5463380479375339
2.380150086620098
0.39275658953120607
2.400928792812359
-0.12482365641362758
1.2024877311130706
0.2423381429155845
0.34507085192297404
1.0399319892912198
0.7710698585196238
1.6905584352626757
0.9320340009804076
1.6533135836189872
0.5369057141080841
2.0322218639207468
0.44843451041488014
2.439356146221957
3.252801073327885
1.7681158162206911
3.2934036852306874
0.4438708924505312
1.063917971939389
0.9653560257198258
0.28966951580524325
4.02452858821985
4.268837781960304
1.2727394872798066
0.7281356340855543
3.4707049247648816
2.3229932474833364
0.20373758783991497
0.22857037031688066
0.450632233731995
0.05226810408795718
1.9270721610810813
0.9950274741880917
0.7091631392600134
0.15660238272790006
1.4691767142548262
0.14731961097453333
0.9839567157042316
3.080274117689361
2.095873603384788
1.0141919288477477
0.4934842533386737
1.7284742004475626
0.5440901136461626
0.5530476386169141
0.9630094904954141
0.5028053079723049
1.4647244810011273
0.10868324441185842
0.10574959787088539
0.1043164817361818
1.007620902815345
1.4486066274475775
0.2737613239299085
1.366135764363027
1.9567444491555719
1.3245313502229428
1.3642732117792122
0.5442335603571906
2.6613825319918294
3.0048046429088315
0.8895028776492828
0.7897583626610833
3.1474316873664914
0.44606879025605367
0.21548061600966129
0.2464037950672907
3.3168726943749567
7.499445580320459
-0.027955031230542403
3.4781872581817534
2.781503780866264
1.0033029222822414
3.9630392945659123
4.263295728271191
1.9475698078668273
0.34232159065190215
0.3038605039925659
0.12281197384503628
0.17259441646536045
1.9165346280556044
0.8094147386602037
1.2530593356953457
0.6307443675364199
0.43332710715072453
0.23617853152248114
0.587741432221576
0.18272349736934884
0.1979679376543305
0.607132122650538
0.3070520139215328
0.6095339897668222
0.6875794271453359
0.07354862524065761
1.2136975232845648
1.2104289740395138
1.5397210306167517
3.358868274175103
3.927442707055243
2.457787828183675
3.6434959204500403
2.7274169619234883
2.4117107000906253
0.21284982487688198
0.15770677396969102
-0.013231123841299992
0.9438765939788187
1.965457439971856
2.9601235797637306
1.865786432520206
0.5005216044298768
0.32791031030093704
0.8268123464278775
0.40183596942730593
0.8229749643124613
0.5733618366230369
0.6364161199723823
0.5787736030506447
1.2944318718773657
0.7161853839880639
1.1806133856996832
1.9555470806189947
2.4754916661621076
-0.031219211228765698
2.8141127076215326
0.428756126616052
-0.3057940147501017
-0.07280686819373194
-0.6650347675712565
