0.5008154517857972
-0.292289608846829
-0.27389405888830864
0.5329516367087244
0.19312218819234506 
0.8939384090999893
0.03448511573411234
-0.1278620304774476
-0.4984075680052311
0.7165335780491325
1.1456388455604372
0.2994721885295296
-0.5232627845169886
0.10832622285494553
-0.24375130387210775
0.4536134952428428
-0.07952097570787675
0.14209398921217642
-0.10975627381852632
0.23086935220204352
0.11008739599486328
0.1628205711912143
-0.014649943635681603
0.1324772436114009
0.6339965094965718
0.7730810777546254
0.696869140996806
0.2696042347086647
0.6469103580223915
1.4181479417152787
0.20183122192139957
0.6229123158930183
-0.2405314855796558
1.9734873254474041
0.8160717577813896
1.2667501238086933
2.2530758150468158
1.2520412376107823
1.4642513290173298
2.5517020524694
2.4272362107661754
1.0719062169704139
1.0959413274275993
0.5606103124112084
0.8893966334689738
-0.966204618743931
-0.28277468235882386
-1.1447366550674216
1.03404462856725
-0.023514323140924942
2.611980813276505
1.0345897698554125
1.0383915863334243
0.9848139545330556
-0.012021171675993814
1.3297456483570878
1.0944829624514216
1.7248988134167818
0.23935526117071015
1.8328580802398462
2.3387642800487747
0.7059109716194398
1.611355240115481
0.3372570345220942
1.1152206820756496
0.7842358357024671
1.7251018843459751
1.367192819512211
1.4710426043181923
0.27963228048672567
1.0920164351166664
1.2552841100957832
-0.024299801908436836
1.892321671294508
0.9142681281739723
0.20864838352007803
0.5087740320120191
3.2782775333557064
2.111531177524919
-0.3384261709144837
0.9160177140607819
0.0353240431381117
5.199466452922465
0.5183838143548745
0.7119480834677414
1.2116493945009126
1.1560612222892455
1.6664159835553984
0.20476235960742428
0.8360067906864819
0.5359749965041865
1.0730569549543745
1.591829344962487
-0.03440948665157373
1.3691093137148969
0.6461682464032799
-0.005804308948949982
1.9626059278052033
0.45835421907838086
0.5845749293532467
1.0866324232736928
1.2784593301659561
0.4845310319830084
3.345376756572496
0.22427058610863582
0.5651640041234602
0.6956643450691764
0.28619712840852085
3.7235811173028157
0.03851671723207639
1.4415157245482628
5.218631675935166
0.30923593772651714
0.5475363264742392
3.2537174903986563
0.053915242931327906
0.23870209061789907
0.4430539787732234
0.24170576888698697
1.6974972697022652
0.41774797065809555
1.0087691681050854
2.826198689996393
0.3385417629968754
0.7053700148225993
1.6049141540050478
0.14483981195641205
1.908653797847122
0.6833993586666125
0.4904683295424779
0.5187081812588042
0.16865497981221567
1.8109980947777453
0.4102841132347605
2.2831998132859077
1.0605740343240406
0.13244077044342528
0.3236794460000987
-0.1019832567686675
1.2443559535739777
0.2901882702023537
1.9535763264143364
0.2781999546940419
2.829782486647561
0.856767377167498
1.1081154624350458
1.8083907477461292
3.3848392550437962
2.0121851610223223
2.502263018408941
2.813080143521974
0.08454141171839971
0.3785114575632017
0.8956134335784725
0.38280272074547106
0.4516056345351763
0.7126501847185318
0.14665769112696453
0.1899726401749739
0.0815314666010932
0.9805237316591051
0.3508653230141854
0.07302230514607949
0.6235091775906977
0.8465689754892851
0.37370462645524133
0.8797755659354497
0.2166167823702072
0.46187491114293366
0.10237165353969939
0.41952695962738196
0.8765889233019798
1.160901590339069
0.31023232069789636
0.08949975472245161
0.4800424221478988
1.1403585337048308
1.2202079907970562
0.412920201232377
2.3494903817432
0.38914029174932974
2.499890618771907
1.5185987918943682
2.8144460530263355
8.233284747048993
12.654700248571958
0.25291851112379565
0.062170110912688495
1.487567304248398
2.0957612513931365
3.4743141775814688
0.11702642233375377
1.7544778111725847
1.7995493477311881
4.089323750009529
5.586467274961501
0.27261897789330036
0.5213363187660152
0.34450751464692586
1.026721786037071
0.4546501532357507
1.8798158621646044
0.2775716954051113
1.5131841832886432
0.31132325581624876
3.6678335985909554
0.43959823202600407
4.891597855858394
1.0366207244701817
0.21129789246722896
1.1171251478845599
1.1288066110028419
2.9690787853011313
0.953842286799687
0.17529528208544348
0.5670299501503724
0.5774550857879552
1.2904064630694037
0.8197323063398061
2.0091320634444325
0.18676773420809034
0.4771379644107159
0.8298928057220027
0.44013084135414726
1.732308471977551
0.901873387180534
0.7235530477198457
1.7302441373785165
0.12607846414944665
0.20924351067045194
0.5526884672096495
0.22224119260327643
0.8713278972905869
0.3224332471257525
0.8948237345213141
0.2763789957798937
0.671681511581004
0.944163017544922
0.16167693181039788
0.07264626096259008
0.3670957520845216
2.103286648206179
2.2575519908000183
0.366067231549237
0.716663637240279
2.957522399094828
0.3921821635123586
1.935410624665885
1.5464914346874727
1.1715494470159864
1.2687913760683496
0.5010383852746876
1.7796179574002169
0.5074437635168314
0.4303986132843771
2.097432360969415
1.4195582401434703
0.06080164211578365
1.8319086715563344
3.7517290606827776
2.177129149571099
0.7063885173339826
6.345098723374863
0.07129608794850567
2.502524893438895
0.2462548908315288
1.5682948519649442
0.1906276656505949
1.2176657222772644
0.5386784670968896
3.27152262924566
0.9312921148672495
2.605625814712807
1.6620986651271057
0.27323319449268224
0.007699346884895764
0.3778617496567668
2.0467355355855585
1.958294744442215
0.28126844293173375
1.4363331722183106
2.5011313069782526
4.821159823811788
1.2851735218881999
1.4005843424382225
0.6229447967362471
-0.1753650922549146
-0.12330933066231409
0.46297325995210103
0.3631022712493772
1.1723401426876292
3.6277259931812305
0.8016052934229991
0.22650933928323097
0.044497628176337845
2.6177636733347307
0.4818800953369031
-0.7271487618564473
-0.03255712678702327
-0.1197646094805081
0.18802748932574886
0.47837888679189056
1.9898085921186568
0.1499700405152537
4.8453622622528405
0.15912496141511123
0.6527321896427657
-0.07824217609665651
12.597358219381984
0.7739508696896402
6.242757892135686
0.2198654530397932
0.15903813819869914
0.838528726312458
1.445224740135012
0.873992735811538
0.5975653303015251
3.7727346804394832
0.34683017300226626
0.24057739604878067
1.3984341580913375
1.5631306778331486
0.7961280525719998
1.7406126504169075
1.7770803052289224
0.6096008604248988
2.2727843254981352
0.19474970096600866
0.09458531491304445
1.0363341180376917
0.19795624232224407
1.9819806845756727
0.47388364707207153
-0.23717436650125312
0.5518397544832137
0.8147614558915928
0.8529684288229573
0.6143960426570807
-0.08425078079609305
0.24750276221923528
0.6539263952678862
2.1801044481131786
0.11447270698272488
1.9552798093814943
0.08070814032076709
-0.06728521970723089
2.3128243353023183
0.6054679874479607
1.5076726350531193
2.129607222775968
0.6911107850782675
0.46704695822323217
4.805673540474875
2.8413736840737815
0.04616485508217433
0.355148096508607
0.5528533802425933
1.4369584273912184
2.727560612057371
1.670079127067372
1.102321860292537
0.4293335544119453
0.13378874451867004
0.2768054674312034
0.3087244298327094
2.8467396839949135
0.18036876567335264
0.461211952847987
0.5424083059485343
1.6833960425236996
0.17406365622092068
3.1724481659514514
0.6288339085141884
0.7119564792794157
0.816617037901894
0.5142845821133792
0.9585951401370487
0.23422578513558456
0.9682346137710106
1.450768063923579
0.16977317860479535
1.837615126574215
1.3465330063479672
0.3907699721267648
0.5304518700173777
0.5968614408269375
0.4027134345075216
1.7968764713405931
2.878498328812296
0.5702972408173209
2.0023719193970777
1.4562627307269485
1.6695676908323656
1.2957402616340032
1.8087976420298721
4.492214408611206
0.4720311054703944
0.008676550699919402
1.064926888421165
0.9755080708817454
0.3163357246611954
0.11821137509769022
0.1559946723638305
0.07396789535939524
2.6643379134235365
0.7120549172224195
0.21993862574041287
2.025096912965274
0.7809826608730044
2.188593885176042
2.559647813306643
0.9429949048159212
1.8898752723980514
0.07254591823581302
0.06705840355391846
0.22141293626737135
3.1101087765944144
1.5602015962861824
1.6825794783910213
1.2584459487494561
3.229063702272951
0.7228212509394089
1.2900200055809325
2.823973392887094
0.3843295608685014
0.25303134390882853
0.238990964719827
0.5309258308131486
0.9747629282111586
0.22523801963196877
0.30607320289518075
0.4951682738518023
2.2137425630873935
0.6260594446955712
1.7000982524068418
3.1081444250036165
2.0886966758894783
2.2401272707232547
1.5414094930788595
0.1773452114698454
1.5281844657723225
2.2054104962373766
0.22104423973975096
1.878848718616084
2.7894095685192064
0.29469481448420415
0.4654990133767453
0.6266597946152576
3.9491118369644846
1.455041196174787
4.110786351527816
1.9948055735284975
0.2710924213345449
0.8562633833870463
0.05874185864695525
0.38500350479037626
0.1963534651179922
0.3233843127175544
0.23360648693742897
1.8627998622325717
0.5670459041280599
1.6778945908472565
0.6590062644115349
1.530061147750129
0.9946429350692383
0.1975931168290907
0.5328301474086545
0.3490117367020711
2.43222985825917
2.853378890073902
2.403601607127383
1.7560681457897493
1.5808682149072708
1.54358759681375
1.4318664182918026
1.183645830352488
1.1229875044465283
0.5629465570199763
2.8868533174720987
0.49875693108669994
1.783936968856714
0.7996335264222214
0.7950869211172655
0.4886646230989563
4.426629504184098
0.826476663873461
1.4987732331045498
1.5252096541114093
1.414606462152697
0.2891791398967729
4.639987880783702
0.026816446108620662
3.231053732478504
6.585842659946351
0.15638699059777994
2.469443876236469
0.7011900301797185
0.015343663313581557
2.988182420229726
