-0.17879722689652866 
0.3878759063804365
0.013545299808483291
0.6790880042289045
0.20017780289239118
0.020762706171588485
0.576215709049755
-0.16305411920436336
-0.17411653187820209
0.20133215756330025
0.2486607828099736
0.2686085147218632
0.9077844352212665
0.06783586763898519
0.5822405890740945
0.013687001115418818
-0.0019716244830079166
0.3993462956385796
0.12119276520616029
0.34950980688761585
0.98672914416965
-0.10326534279249511
0.43880534737614735
0.38718151658829714
0.535952416279859
-0.03241883476308094
1.318782162575701
1.148913931922042
0.4002983041781255
1.9843559944204525
0.7269185698504809
0.40564577737039453
0.32794805877103966
0.49997332128163974
0.915742165603713
0.16285082468059542
0.6942498207006029
1.8142830318902696
0.06572602795749975
1.2595740931609885
1.2659272233547
0.7375700811023795
1.751894759602477
1.6351992685069714
-0.36177794863747514
0.48406131816631914
-0.0052303883722558675
1.7654770409973546
-0.035363606662459246
0.323576664491937
1.6396895405315939
1.8794794844221618
0.1078052094840496
1.692395730131139
0.1695465825098308
1.7505509941569943
0.6281958167501273
0.5894743595505605
0.32044246476550353
0.5401558981668797
1.2066309399764052
1.7454637420580423
1.5371594007019738
0.4053775886244517
0.4392763446772463
0.10182107024103626
1.2476115801436207
0.6301440501610918
0.5149031210983843
0.5957087506271856
0.7877417398582977
0.187130112016264
1.317422007165608
0.16127713059702242
1.1080444735460522
0.8088590246882594
0.42194581660316466
1.0499721317846147
1.215598139946716
1.2024148002334611
2.7786246060121185
0.48077545532936977
3.9565842796891317
0.08284784199412265
0.1577961646695121
3.5703636573023454
1.7417074569083637
0.15749399171998762
1.1117364373526273
0.13968297664029086
0.5489404655138028
1.3868344506973478
1.030634392006638
2.0816185847843975
0.15749112270386956
1.0682108502547245
0.8681344804045537
2.030888273100291
0.9436354005197942
0.3537639391881384
0.42885283749698994
0.964137304846617
0.23951547046943267
2.793100643223125
1.645412933699371
0.5288985804762563
0.6387138778445716
0.21833877352919573
1.5022437171961598
6.775607605988597
0.7177919301042706
0.26545962112969357
1.2204789427675136
1.7544530936123004
1.440755547189354
0.45453113721432203
0.5422606834965056
1.1852924693156546
1.3625808032900768
0.4989529100525866
1.7793249008859204
0.49502886851502204
1.9921997390785342
1.3367816979875702
1.4451618889107833
0.2653142203618227
1.028538208230339
0.8951172299626535
0.24815137627107586
0.4740138307965688
0.37878212958163193
0.057364924041256704
0.6870891566076612
0.46982536314778434
0.9261715616800114
0.3236524079905937
0.7952934673298481
4.2666117272954445
0.09036973650284763
2.044660140360799
0.4584347176455221
-0.005633952236598849
0.3475860690809653
0.05854479930723321
0.24374671588690205
2.0321581222198395
6.505533257408727
1.5134920800240277
0.703076168737985
0.24105134064945316
0.035026188971378804
0.35679420569554166
0.8172935564614494
0.33144537304215227
3.9657719352709035
1.9806302841150751
0.6897096703515337
1.8290429632369878
3.735987981330089
0.46682640978985346
0.6315543488271865
3.8912691638730568
2.458925024525233
1.7710379633574782
2.850060915191863
1.2407849435137226
0.42010365329576005
0.07374756437769811
3.068472904448365
1.282186854623924
1.2121329616068164
0.9419167629991189
2.803011514848401
0.7664167717779499
2.759562917921865
3.9198220820524963
0.7076559702196707
1.1265569374664952
0.659151838539628
0.07143301706204236
0.15121429546474202
1.1226404642044887
0.14386451053180707
1.4340477860888243
1.282780212776908
2.311105815036483
1.3028877117460826
1.0681941794838505
2.2159362938677996
0.5658064825307637
0.221723800136935
2.2580743614940095
0.9097321105143152
1.538169698813733
1.1002582508273453
0.961249626176949
1.293898945416167
1.7959072361358883
0.67337313715871
3.2320358035368413
0.32309724140410445
0.642519289639408
0.4981186287821091
1.240163981427156
1.5241759354057418
-0.14457470839408265
0.8443554929564776
1.032138281070651
0.12591095501268035
0.712015963856619
1.3955634510988097
0.36955371328759123
0.8166705732157045
0.2094718620374772
0.44142334526172844
0.7856558172790149
0.03704780730818029
1.6050076591421227
0.7119937000660183
0.6053894502753556
0.5795153205230992
1.2090573354605116
0.8218604458671447
2.779787142047589
0.21530064044213987
1.035099522877107
0.12026063975100584
0.9790549452824759
2.1742547702305894
0.29363799986704653
0.22903965838882712
0.1075532824582533
0.20734501251883858
0.4878412689740548
1.898176648912783
1.9736096812418626
3.4579749854815836
2.1181064336356217
0.3893366493690632
1.276563248796429
0.3762109505897897
0.4164361518357311
0.23313617670480868
4.246118948457445
0.8378960087731511
2.350936805768339
2.518638206031643
1.1206811467490876
0.587389433642977
2.340600968400633
1.3611621459038101
1.2267907300418641
1.4372553449814833
0.3395376319140716
0.8059526981933488
0.5651586821958512
1.533475338337491
1.821018245954658
1.4213982515469072
2.9374987515611997
0.3229649006227011
0.35639401099832646
2.1876650687991614
0.8440463138633127
0.4944292329185954
0.9425862675006129
0.6964405787450308
0.3616532211573245
0.4155196926406447
3.39512010537484
0.5016389944823441
1.2016655392359474
1.1390973286169799
1.4962551662618737
0.8831095724870298
0.3624311788650141
0.5365110404637711
0.4486478665605973
0.7607717805211689
0.218646232777022
2.6960564309423125
3.0421511841099704
0.17645726364737424
3.3662013237542427
0.899240774065523
0.4711667768162124
0.8973641680939979
-0.15898995613347783
0.15229620425678303
0.049803941754586134
0.707017644873746
0.2423742729965233
0.9241469693289203
0.36202190470993245
0.24634028677564745
0.8108692470938257
4.46022031296397
2.5277674033503823
2.432559831086688
2.341563118188107
0.3699637890223327
0.10575067523424882
0.04335602979166509
0.18426160246948323
0.013989357897094497
0.5037377939255998
-0.01375430103909718
0.40549369348359704
0.1616627217866749
0.2245036358610496
0.026755856593929588
0.8979566212235096
1.32438830778862
0.0003033224581381992
0.19969307516573434
0.13372594057035264
1.7268244476499703
0.2018452542822134
0.015097225681546499
3.722394981062471
0.21527085449279063
0.8041972124586788
0.0263389552862342
-0.024000610233435606
0.738434605437048
2.185761841100658
2.568596341360151
1.2250693203139509
1.0111254634067808
0.1873951421662441
2.4171698398355126
2.151227954396994
0.6497011322439195
0.7983293515912107
0.8367781429675112
-0.019721388635247306
0.7714597071339814
1.9542776374438853
0.4712535576466963
-0.5460839572764068
-0.03595069248038607
-0.301458570397112
0.45356939620798364
0.35035866162767104
0.49263268458640475
0.4687545425928862
0.8488600218364908
0.49693725948443424
1.6102876740389522
0.2815314485067875
0.949750153917247
2.348565138054952
0.8082230590012817
4.3452647850793
0.21869180369528873
4.914233383757907
0.15929817220084153
0.23076152587244766
0.5635129163500071
0.6351913682117702
0.2555416770554436
0.35295157123884424
0.5064695857440564
1.448990373297924
0.6695052735805305
1.2988655452231712
1.0870355336948763
0.5978328080879429
1.6629877391008816
0.15722126654040652
0.5943391585118227
0.35246482030667103
0.4165365769120367
1.4597212444187488
0.43043273667814363
1.17133727461453
0.4785902071576488
2.388439551232028
0.9576045062668871
1.177056647400349
0.9022704471509129
1.1622457075149648
2.0339304073702005
1.1863094289424505
1.769000781815869
0.8432875105042682
1.460509400619442
0.9686287096257948
0.5207862007559414
0.981292621512011
1.3990895274300925
0.23474215423970196
2.167435642125537
1.1980240926107384
2.3592039872425064
0.5280403269772544
0.06454173438326108
0.9461412677648562
0.2816256363860794
3.5986228073572106
0.74286199219904
2.7655842499565257
1.3656499206395827
3.3976897812977622
2.808677353217731
3.3750678689541718
6.1758501530322345
1.698244591902582
0.5808045306337497
0.790335672175986
1.7659605110674497
1.0335069027105313
0.8325702334812282
1.8660326423238938
0.15264525927495382
0.3683466141518494
3.6275921253745564
3.8682861145080167
2.9693167737289983
0.5262485568664752
3.7868742692679787
3.3296385186538977
4.415313329031286
0.32565537774881026
1.7162337898923332
0.45264347843234654
0.9850973821539221
0.5130120011870198
1.3662395049370781
0.5825822342001117
1.1003630353658849
3.600470666343158
0.7372912935696558
0.39292125371438624
1.1355862862700068
1.2145546009896786
2.2862866068587113
0.27745853625909433
0.46615487212974904
1.5857543586548188
1.3504442819731102
1.6423987762611203
0.5682704238840011
1.9060457816813645
1.0076744205883943
0.3387183813159578
0.37603385315097193
2.311020778969082
2.099245583875143
2.225121953230356
0.3643867162287212
1.5930954054043918
1.0480582897290083
1.8925041514725762
1.1396563626773366
0.1162065756329205
2.7446702292097305
2.796821126793399
0.07660583644530664
2.0694581209316034
1.503434614001681
1.0832779621163977
1.9731237319744155
0.44952760400682407
1.0318201585989333
1.1666280382745733
1.5352089318091342
3.169289073048023
1.1745691182224636
1.5521698819889154
2.1340533758454328
0.13637597033869497
1.8448068443176568
1.1478336483927893
0.126983100354364
1.495852919409014
0.2971429444346222
2.468117044393684
1.945161104802472
0.7144596109304349
0.3749196520897287
0.1793995624665371
0.6370455116394531
1.2687214460196494
2.06634555852207
0.9542469223948593
0.1948249839309467
0.24512199959537734
0.1419620549550187
0.8835226739011198
0.6034394163125165
0.24282373878948044
3.0668851281052047
0.4702157001246323
0.06308660773338226
0.42311059741738605
5.306644812591545
0.1258382551670172
9.085046914627913
