0.6173988903285418
0.5008154517857972
0.25704831172995596
0.05895486906566405
0.877041733805075
0.5492277542314595
-0.5932361445473125
0.30545185891752824
0.2332341403305545
0.6835157212460314
0.07018344995579384
0.22300414852754744
0.978523507632713
-0.4580017678047119
0.35638882863955135
0.37761021108410187
0.9041526980692909
0.3589388062536154
0.03611118315645212
0.8748783790369838
0.8880524326199812
0.7338105401983086
0.32695891707194
0.5620835544866258
0.9232923421782124
1.0227647659608996
0.21105816146593903
1.7704400295799059
0.084885335693446
1.3018547658762232
1.236781400433857
1.350537325873678
0.8456581145306644
0.47898502777621565
0.9786551059741833
0.8120806472991832
1.296148762514242
1.7170581534226388
0.3783334452648892
0.9216332949965409
1.6614917675410479
0.39863040969712693
2.293959573768202
0.040452767909834306
-0.7367684962198401
0.34435607113768407
-0.5699932674659391
1.2012585568973106
0.8690850803920368
3.479661553318924
4.896510245972423
1.7294593187277836
1.5977881163875587
0.40212303515784
3.1334185711213673
1.0641146218984487
1.177391965396906
2.3514012441004777
0.16311590970729517
2.713328366725773
1.3868116748191603
1.548019498734713
0.8240145087773172
0.5188451290260917
1.2521596213897457
0.6322042397884043
2.9496504661356964
0.2579422994019228
0.23215154084439593
0.7359202458952738
0.7017451784882619
-0.1957900695476784
1.0477962798232534
1.2569586549916774
0.9002608569577024
2.091047534365581
1.3123672107517053
1.2116493945009126
2.183122997186057
4.825439095937702
2.7417072862047394
1.8803505392285973
0.3508439480060925
1.034419490842375
1.0458309286269287
3.192697438980223
0.790024714879052
0.3492478368477876
1.0491426892196205
0.20270019297880454
1.371800986049653
0.9029231080211837
0.748686042176293
0.04937103193785908
2.0572818458373314
1.4981333128416439
0.44821390513184545
0.28378734407580986
0.1730174802156717
5.047908130527129
0.6526665428237517
0.2252927665840298
3.869161260393256
0.46171789546112674
1.4106979349822482
5.226678446100701
0.6239868004354083
1.8835781841937194
0.6414605351012828
0.8957629537511735
0.011004093305926027
0.09149160641627092
0.1376093323927445
0.9611720123883797
-0.014906981079464476
0.0795328838418673
0.2493973223524466
0.870986390026089
1.7917684800870999
2.216813729291722
0.9292923563794042
2.553904093161916
0.3576364552444209
0.1540911689286572
0.3221156310210975
0.07755637704700913
0.0412110719298807
0.5467934523125539
0.5172470820048126
0.9225744017206406
0.8160738932488696
0.05834007015280082
0.5519200287917891
0.08420790667812175
2.0522596182509263
0.26277630520222617
2.8422823923937814
0.7298467014620755
-0.06768690384509823
0.8048799151056334
1.4418422240379705
4.454122338110203
-0.3367110693228109
0.8433272232515782
0.2767947954447185
0.6168414955190191
0.1351203198451585
3.4708918079653523
0.29652741756538914
3.032939458235157
1.0817671885642337
1.3452114692865338
1.7607972461828454
0.9706549214257655
1.0103407418476726
0.9065747918503768
0.49556642218439245
1.4088084177118567
0.6501982674825171
0.3082466018162209
0.2011046552578663
1.1314563259174026
2.162167020291776
0.40675807124529895
0.7038525262833281
0.46187491114293366
0.6866183728095381
1.3583611652330598
0.3050186638572365
1.2629374533667783
1.2104698135253504
0.8591871575174738
0.47318290392605555
0.1824666450453477
0.2348113428193488
0.24831929465492272
0.11763008989695309
0.45957736807122707
1.9325808114774867
0.38914029174932974
0.11128812570484854
1.2972802487051602
1.1627990539750417
7.215217293940638
2.539172347444831
1.9242628870619016
3.994433721151273
0.16449002943012345
1.3373896317505736
5.262383083195429
-0.028159061096362847
1.749255767977949
0.21636213198005894
0.36603519219750935
1.237592753628357
0.8132142893865204
1.6814155881279074
0.335061327185738
4.447884501530691
1.3041236978181612
2.3222012071266436
3.802703432935041
1.1062885881201507
0.6210799294703926
0.8300413937957971
0.5065835822269968
0.7540063110753136
2.628196736999154
1.3613826022162046
0.1533657942281339
3.0311305398757478
0.16139605439461813
0.5688742443149901
1.3366418000289915
0.1461866242214503
0.03210284925830069
0.23890402760931495
0.21199070851337282
0.12871959390786575
0.0333560151285764
0.17740461761812665
0.9042212157290226
1.1766801194815217
0.6277138311798665
1.5628201578569485
0.11429065196620489
1.0625935786879612
0.684558191140213
0.003315934359810698
0.4969027633407374
0.2754444649365269
1.466438353449194
1.4688945871600196
0.22699801251853563
0.2741047143205947
0.0065350911616319785
0.0927795431255464
0.07607372988860502
0.37133162486038107
0.5783562120043079
1.8015448155626466
2.2980689703579578
1.9811300297768346
1.9341631114796765
2.631444214100536
0.4007299205627886
1.7345142006413257
1.041418989578023
1.6170438032407053
0.9227996894643747
0.5238312907923652
2.5529422455324413
0.8003728985209104
0.8020390141410452
0.10692034550445484
0.3191525894659736
0.8502606325662865
1.3272387395543614
1.0358178342752415
0.582889887989797
0.5214038991078731
1.2665414090162708
0.6660604118706026
1.2212200905406592
1.0374742565115942
0.0057611202239679984
0.24573913513224283
0.3136047100951201
0.35893677446829764
0.6012486620495978
0.6193909253298621
0.3927423335703516
1.49048612526872
1.4858260013194111
2.2931036592547005
0.5906279775276615
0.5094810352462642
0.3834088813727988
0.997910052839388
0.4739484956110649
1.3640015583848144
1.7475628016242197
0.8186064445052192
3.213978384489553
0.24646245982681192
1.6050894282027088
7.180207830470909
1.3297479151915137
4.6152810800296535
0.2855543145641539
0.4586684039541242
1.6859975101375282
3.1291304945744045
1.0697566838899983
1.5241872692561182
0.21926447654346282
3.491156382042674
1.5851538345342706
-0.7712987983977104
0.19616627883685833
0.3356701737065968
0.3281743295648384
2.7441259744714386
1.8762732657447603
0.7118547345714865
0.7869208760220945
5.6263820648411125
0.3322178112079086
1.0009973363889395
0.3493923474206516
3.6859919453605956
0.48293252049586954
0.8629410321534032
1.4189011532798204
1.1720819035524355
0.7515834462071171
-0.041995142193397256
4.800440808340415
0.22337701595083043
0.07982165365546032
0.2465372465616465
0.306659709790505
0.9292761715192981
-0.10006887838999334
4.9854269168720755
3.943946867286477
2.862761861950434
1.000293405756032
0.9468706464969712
1.9348351735373304
0.2434333072736479
1.6065598292644
0.5192218923623034
1.3278026328909718
6.4610761209883165
2.3518155505387157
1.0951713770361327
0.7963892716579166
0.30310606330516876
1.5589250421853393
0.8461673260997331
1.1919651076410853
1.2337215540300903
0.3007617143925857
1.7919964480315649
0.7078401818019006
1.2652830087528188
1.7249759988950983
0.33044439156773564
1.9637051857474552
1.2971364650250896
0.7385419164649292
1.7885019508182232
1.4599377837103473
0.2227895426845964
0.9837833306989516
1.0898767080980343
0.9230505869890528
0.447535160697352
1.4977830666707002
1.0617408458202888
1.137487080647696
1.6071121467101057
1.8718490404998867
0.5122517059374125
0.44649576386103895
0.6795207548041164
3.9234882096051757
1.0908187851621725
1.3050457987317299
0.4114813361554964
0.3835265956410936
2.938857788653519
1.0734741632636569
3.4481815211698006
0.07664104426379081
1.3989714131399957
2.986994302645145
1.426738071176856
1.3665267601002913
0.8092114021731078
0.38330207900501184
0.6092464322971353
0.23515729282848308
0.37077307269116283
1.0122942139534887
0.7254577130879734
3.09272012244894
2.070945227524008
0.4976369595475062
2.277993123282455
0.15747489023352998
3.7370613790196456
0.33850238619175244
0.8937384957023279
0.4756162505365218
0.172249859658818
0.2410798139621675
0.4947756527540701
0.3680733725943035
0.09200899681680841
0.21096363124533293
0.8547183697357482
1.8140154662027972
1.3709688378544573
0.3211852797293637
0.5398403725934127
1.90797768852281
3.706551574637665
1.1961511320864733
0.06416099607053252
0.5572523818358013
2.280414646760892
2.0610580676503574
2.373380297060647
0.6302551992146529
0.567361240982302
1.2768484464810363
0.5248722148681093
1.1000153249005982
0.9203971758124292
0.021824598158644307
-0.00544496297081587
0.6238332773870277
0.13872723398878123
0.4147275097050075
0.9863033405696158
1.7984419871734976
0.8677613111877485
0.6627107536524517
4.239957807713475
2.721515710370895
6.831233215299006
1.492692054550716
0.33885005943161123
1.0180135794959964
0.23371045455894102
4.214882067023415
6.444278226559108
3.153657131081352
0.9090500633747065
0.1762794933767585
0.09019395959090842
0.10977305722679134
1.6390882349468705
0.6196813819235474
1.8330194699690205
0.26928666108197374
3.0045961391223335
1.6999344980178057
0.008930804489817507
0.2335927713812564
0.9894455308293574
0.8049260339926803
0.421019847583473
0.6533739851062219
0.7030367517678534
1.0956255802737516
0.05746840967295855
0.19005985338625533
1.2135652058453594
2.3830185632520653
0.6032664550433359
1.2024233245270146
0.3307549222099722
0.8810814630800414
0.36912425815374106
0.2366980919018451
0.10761654421570765
1.8466627221700764
4.3465310027914565
2.132125700484615
0.30813830049279906
0.5035243065568402
2.4966854847684834
1.0268374833726446
1.7566089011765496
2.474985626213204
3.8784890454986893
1.3650483638390334
2.1257211498015787
0.6968642408570458
0.6906808147648168
0.24198824407840452
1.545070136014497
3.5992883816954064
2.2983201225260146
2.9696941990925207
1.2612046111410793
0.5131167580147374
0.7850156145307496
0.4525721961648417
1.1784252248519675
1.3041259884953553
0.8971448033400211
1.7405903236281777
0.26931543446165873
0.8863148408302806
-0.5495335300914015
