1.2305556089473546
0.7826673528363718
0.0963622404537223
0.16371023710162397
0.053289701008759904
0.2128164878780643
0.35938695745292915 
0.2613908458970987
0.4475449048289049
0.0777468256811919
0.22672261071074903
0.41703881507147306
0.3667156029690428
0.34115242324489864
0.7337360056289156
0.2251940178106771
0.497962334988313
0.2049777401331275
0.251280971933416
0.300856361929552
0.5392038467692983
0.42110496424093957
0.5474903597300191
0.6809401012282914
0.5588077518546042
0.6945728099660271
0.1519547952991589
1.1165732781037716
1.6989201955215703
0.46997868887655436
0.543689917467364
0.4198971510205957
0.8566911906667081
0.4884358156129505
1.1699319054306838
0.8092558280429453
0.658520170505375
0.6809554044140657
0.6073185286505941
0.5451248277702587
0.6526059315617618
0.7371844327770599
0.6678260911310764
0.16748516417465273
0.31740005871177923
0.7248504755285657
0.5522259504531881
0.4406481217549724
0.5363755739728295
1.1544225187409543
0.5507471438136792
0.36407013952169365
0.2095544122067783
0.22939878600070998
0.16097421649361138
0.6280462665004396
0.6487768455405148
0.2702249160146162
-8.627319847084869e-05
0.05267100761388299
0.4010456676411178
0.277267192101431
0.10316495286898185
0.25863836538122564
0.722144898899588
0.6122240595455077
0.6783378153627408
0.2700425007556933
0.3408314665436945
0.5266658580439262
0.737845300620197
1.3877262946892384
0.26282381496126517
0.2967564168491724
0.2944574621617765
0.26880208856898524
1.2423356271464976
0.4982834169923842
0.4173311632049792
1.2587805920541433
0.6854979850927321
0.3142618696985278
0.2612384710469178
0.14871094031017756
0.20657179083797816
0.22280575109977396
0.38288661441745364
0.25673185943153753
0.3239014439771437
0.13810139695242835
0.24185276610132567
0.432089251057318
0.3677703118267167
0.625345948151046
0.9361063422833387
0.7324095456464066
1.0026762243365201
0.9564689116711693
1.492198283132565
0.9322421467571373
1.5569164794936436
1.1785640579907282
0.14470288720042068
0.4868281585279295
0.6369725639896363
1.1793310387505427
1.1372147964377184
0.7137342849285898
1.1311613081623708
1.7134664251113256
0.23516035859730972
0.08820371060397021
0.11158054209618559
0.2871505437707751
0.17661915892954583
0.1316788249950067
1.2841622941074786
0.29997630619285587
0.0973652294729328
0.3974049463860747
0.18236533956417192
0.45650302530622394
0.40144638152030593
1.212619337521975
0.3899242103181061
0.2089793125670772
0.5003790197080386
0.7210353149592328
0.24470755258011379
0.2261472810145581
0.14352924352699536
0.6861744732607233
0.7365420891869292
1.1959450684226567
0.7362520894415713
0.18592865740016878
0.08973841967447667
0.4603175863989474
0.6116595901927858
0.4582152123284632
0.134636596432337
0.10739542615929591
0.45171002824231077
0.2155136998391974
0.18684249044413162
0.3555650620381388
0.43334712237178785
0.1923994027260979
0.23625400387592232
0.24860363769722976
0.10338174979888778
0.44217737204791696
0.11663650073284992
0.2795088485360453
1.3297723886474322
0.41855735446510106
0.5973325222473339
0.19508855447386864
0.36278359279412664
0.4579316905036302
0.6027756039494812
0.2869142298486248
0.2925209541344877
0.37002631875452324
0.23432617326011446
0.30591198152194143
0.1229499340794091
0.9234696359656355
0.4151215395351635
0.3655179232812602
0.9940748022317258
0.4945453738427536
0.7367752288794445
1.1424657377019578
0.042774558192887405
0.4337009021028015
0.36056163045403516
0.25890530905597553
0.39187925513313693
0.18119167279874007
0.3651537907687288
0.23102333071283856
0.24922649421917129
0.2210608230562619
0.545327088504054
0.2648871630398517
0.8767791884368688
0.2844610614945652
0.1631726882352283
0.1670927621491463
0.3568027437834051
0.1303633472454092
0.5861875838871093
0.30130540788984556
0.2278977810262602
0.0994861571805111
1.3232537340975186
0.577184050767112
0.5600771841993598
0.22178905254826048
0.20676408261241408
0.7371027786942106
0.3779558395709
0.6816836868197481
0.43585436053258764
0.2637161779443395
0.5524311930601258
0.1539098627120132
0.2323421038664456
0.3195089723436104
0.3813801698561552
0.1139658821869318
0.4831979047547824
0.2806696340175384
0.0861466693729885
0.5420483174942388
0.425593132322103
0.2909328736315501
0.9978363746052418
0.8400111149317563
0.408234434021124
0.8970734110060089
0.3440999160637924
0.4352234856768037
0.29460459746238815
0.07876905675950419
0.36893856265156144
0.10946349608907532
0.05706372665613511
0.6198374236325015
0.272324837286974
0.5779889417406272
0.2773050692659984
0.4382763055869171
0.4575351733236791
0.4961621265604727
0.21440313982133713
0.5066034967901226
1.0602422901131519
0.22137808607636264
0.2669234054000782
0.2768267249390579
0.4129410649739085
0.7848090564847359
1.2766796319777514
0.2503629201509183
0.7028556350062316
1.1804291675500898
1.5460851637795003
1.8433591858514076
0.4900265189078479
0.3997491876259555
0.7223107050434822
0.9872941877016478
0.126940540538921
0.34513401655503995
0.31291296217011544
0.872262812593184
0.844457485978773
1.8299034046707527
0.2259274662705642
0.2495132290523991
0.1398735589233303
0.24417883302747537
0.30340397991705337
0.2010583772073225
0.1646777599141355
0.4323461917362654
0.2572129573265707
0.2870806147485426
1.0098482567822293
0.6022005291361616
0.3254203857647635
0.272270695168091
0.5601072663294546
0.3606468351304542
0.4555781046226649
0.1986089634706439
0.16940666939706442
0.1526929009271028
0.18870707405669648
0.17597381444456403
0.3912946448608354
0.21866959762958454
0.49883913545596303
0.6220693589205943
0.16629135960699248
0.1727264787322362
0.45015656238502744
0.10856540692490849
0.24241054390555636
0.0492348514572481
0.10886746000809189
0.46147457865870556
0.31361791601971034
0.8943158795306624
0.7233090548212762
0.43286315557934707
0.3771584808758782
0.9255366139745584
0.1277173669506102
0.49459796933264
0.3530100012955204
0.5218887248602692
0.6101269493907961
0.18646111934936
0.3988038212933257
0.17046878369870339
0.2791402844045825
0.17613272361626464
0.11911353533980981
0.4156949309313909
0.3814635962446092
0.1090212600628545
0.14212371189230216
0.7983995273703799
1.3616642325059696
0.4075902141662244
0.31575986573389025
0.475788379623453
0.1612441691974906
0.2641002326309653
0.1307872213389378
0.2496732734444464
0.4752834511884768
0.8515337274192493
0.1635314866866387
0.7467270994725096
1.1026745947848835
1.209161899736958
2.1558524869846196
0.26016994754136946
0.4878529387092518
0.8709378458603083
1.2862170910346176
1.476613249967557
1.034651450903969
1.5937723371780228
1.5379563109541472
0.1746535657013334
1.0126249687050264
0.13356276439845222
0.45991847046609646
0.1723679514426277
0.8412578244621576
0.20793960338031262
0.2247082630966275
0.0899227213912636
0.5167094921419697
0.5081262589262278
0.5775170398697522
0.15824049936387213
0.7495810618812757
0.2510798833780694
0.0875891351909967
0.16258493369915317
0.43923654846509874
0.21522679117372961
0.35665821873112624
0.25613581577930206
0.193373761366672
0.197236147306287
0.1454628654768566
0.4501918598587017
0.17952893424133337
0.45616868362854046
0.5403432587007505
0.22182491165443774
0.14223157596792402
0.21805406442348496
0.24951028209026674
0.9161928348267181
0.3506984293503876
0.28206702874971384
0.42967963870534276
0.2276262924955608
0.21575211377969383
0.29108292992661594
0.9741780493467472
0.5299791850646293
0.23395895615681295
0.24828891473761788
0.230913183411666
0.2075989252889776
0.6617988795541858
0.1101320910332787
0.4823813944224635
0.3230633107913158
0.7736424460003904
0.253150033024245
0.8930887972504833
1.3673789796297147
0.1316793520523467
0.10969472138669212
0.2754041952711714
0.1845901808353192
0.18134127408917672
0.47386975960813005
0.4343817738570057
0.2921838140010949
0.24129585651058952
1.4627929653401566
0.23662192317252642
0.6194803350056872
0.12305074025685139
1.22798459519715
0.17300809501088946
0.22054680717562303
0.22757428579165
0.6841196121482093
0.9089657044547705
2.0245268499681157
0.23241566346736287
0.08753718937166491
0.4304572989679779
0.25003276026384674
0.924438349803495
0.3235579650236512
0.17576929344533548
0.5413571334959868
0.14880119933444297
0.1488892004149964
0.5802023592903428
0.5924057299387024
0.35686869519875963
0.589522802049812
1.6079901498514264
0.32819275130627573
0.1380821465088657
0.1772696558555036
1.1937697720758593
0.17695392362749904
0.5222897355598369
0.24603800561881592
0.37089743983638024
0.46267443733649133
0.430620206244439
0.18963229461703024
0.6627097290970789
0.15994852489012057
0.32672575064272386
0.33488163318397896
0.6915617343464097
0.2674634703117362
0.40008170710925745
0.27341898911836043
0.37296600407611025
0.8013146373424959
1.8990933958817098
0.3293675551429017
0.2364836645009219
0.6423222145576833
0.240180052854472
0.10093913002123442
0.40499314665964226
0.0733995029374794
0.8975908058661265
0.4921299685081283
0.1977317108279269
0.23992833992160073
0.09678570486450569
0.15196066648872672
0.7905308882279253
0.12803346667286597
0.1863787245682049
0.11459503289233577
0.061606330762069804
0.5050328892820996
0.20830908481593058
0.2269737018748103
0.45552358589911635
1.3289129541646485
0.24685455053487043
0.26415517032773883
0.2882375670381472
0.5128742748700448
0.2900906799670624
0.2566775268398928
0.08665095244561699
0.1748142243829553
0.2280342822413771
0.5482455518095328
0.4270052890120541
0.23260659338126424
0.18601740037452347
0.3063808184280465
0.4495122362867097
0.3665790688658945
0.11813048365885129
0.8358295709270047
0.50042353849024
0.5539013031316093
0.1288590015065846
0.8569191462781868
1.4772597051626577
0.43966674437552333
0.1899139868216968
0.0855323769777959
0.35904010311292167
0.3889954005550725
0.3810706309660676
0.26050011260422307
0.8267108941573446
0.45363375598028
0.40591738957796686
0.1996932067220093
0.4191495466303744
0.21486832692548583
0.1058541934206471
0.45259911156036686
0.653417517430941
0.2762134481703084
0.22009530634545957
0.19759278680366987
0.3169759203386188
1.1330700738251873
0.15823617333486206
0.8431013866172431
0.16204256928450061
0.0839918990921929
0.2943989833843347
0.19286606607306653
0.791048078677801
0.18389662940029458
0.3034499080886131
0.244905327819628
0.6114881429761256
0.6487906293651764
0.40049502168999995
0.22778696279464167
0.0977666417230867
0.18032680712479468
1.177705753728294
0.6242041247974092
0.38064164771185466
0.1042218860197634
0.18934495264273532
0.479781831298684
0.924453449011422
0.3002127419023639
0.308365402813111
0.3587623733300103
0.12163525469984848
0.5823223320573643
0.3707886991769487
0.3036836566913988
0.2981008748965077
0.1482394192393858
0.7692292880103301
0.2224258514648176
0.1763679817362624
0.1314462418752711
0.3513842425865187
0.3262864630347435
0.39179516419959615
0.47668091575325205
0.14773332207568873
0.2971340178179104
0.18671436482704853
0.28849841150914574
0.1354607290993953
1.4020990540528773
0.2268969246467554
0.4326071175695294
0.26512607209071354
0.22007804274492315
0.1607088424215748
0.24147412836866988
0.42967865486868295
0.2592540795435061
0.9620691026058105
0.24913131217471582
0.40848009719685296
0.1912580657716757
0.07704564636786379
0.14847775850294276
0.30945450539721303
0.36650453263360727
0.3378804011348959
0.18964393391558654
0.2010813106826868
0.4763607401886913
0.18353586356580598
0.5126824156001679
0.21430827101181738
0.35265110415174794
0.29938613670875047
0.35497515875857166
0.33243349801877886
0.28294629861366627
0.33640915270745353
0.7297025931502368
0.2051676524981753
0.25219192830190496
0.2040773655587741
0.1495117188595695
0.24173950872626954
1.0590354830579904
0.26539484471443636
0.1514438604514286
0.07755791577152221
0.4864123472480686
1.822336382365276
0.39193447518275276
0.5748112556097021
0.7743448638148852
0.2700851755128379
0.3412972629995232
0.48536215679060324
0.8044379777455914
0.14165342638068104
0.40484584389010914
0.9461164886685706
0.3450121346639647
0.26086154285172014
0.26387340821524086
0.47636334852558226
0.8222731714804947
0.5962455953866166
1.1174353289742482
0.3546465683795139
0.2818090237486957
0.14198314714642385
0.22496746648056515
0.30205375590890365
0.32120259181890876
1.3755653329653246
0.5093545589991302
0.3952217056584001
0.5677086513900342
0.8837590173248097
0.0802343800815113
0.330407751614013
0.15290579505818563
0.1938349242396175
1.056483080596495
0.4118401323468938
0.5011457791112676
0.5373958365896355
0.2777978012299481
0.21595311951436627
0.139032794929947
0.6337967672146472
0.07062132402314851
0.3968638370274808
0.41798019796998775
0.28007761446261986
0.1699147355346855
0.3448086704981841
0.39141272429793567
0.24144859659712808
0.4043268713000606
0.26532836174243324
0.3015138372626035
0.7869424809764876
0.1294576227012184
0.2753297311691519
0.10519485948123569
0.058649873120798404
1.1930586765365896
0.4848340970671804
0.12958523060449462
0.2568199961880417
0.47825233234607584
0.2410901452612509
0.5532140676199006
0.34720234853204707
0.21253688776281515
0.26005296074837175
0.22864528232867604
0.34059055727655696
0.3645146636492445
0.1664077367198161
0.24876332442010848
0.6138701293885296
0.12102330386872578
0.0651770064777045
0.8797025306025346
0.1739592514208455
0.3853874469106676
0.6772242363509575
0.2603949601159606
0.31540739784315375
0.21202068464705814
0.34979098095728145
0.9463348386976747
0.38374552451394783
0.2521967017179177
0.3200551319193523
1.0872824974635042
0.11652099329545709
0.21035923902146747
0.21861153483903129
1.5283875271972551
0.1611533026762123
0.3195622165127216
0.17533300339499802
0.1598421385262056
0.5613621028873346
0.23060225978006457
0.43703172700840326
0.22393785048278675
0.5040333298038409
0.32151945818442473
0.3146894040462325
0.22116978838853668
0.18852451977287632
0.3845727322669248
0.23197198108916023
0.25215660207951957
0.3744257217102561
0.2242867153468781
1.707071750766227
0.0603842969301359
0.5620227457921985
0.1676227957781187
0.1677719484379494
0.5054534727543614
0.22377601558112542
0.45236443607365834
0.1240822524553475
0.2392482819995838
0.1967376475590525
1.6280418378732184
0.20058348740624798
0.43825640462698856
0.986177808830916
0.24706616859193392
0.31589044043497155
0.26686159120601
0.2807503825767263
0.4933950749283101
0.4027801864835082
0.36752877572863796
0.11157846632996081
0.2772036285478231
0.848785616213284
0.9743007358961736
1.0665602724729542
0.138208834214762
0.08120556491589961
0.3607277051511558
0.45402163872220047
0.5621985356645954
0.17704256260900203
0.15569593333691226
0.4191142418331789
0.179195170152681
0.25506614804867495
0.1113233465407877
0.6760663831180663
0.2786301708161419
0.1939794227529465
0.1871048267005089
1.9173263233334565
0.07270537323219789
0.4490751884950503
0.4905548616394361
0.39338231365805176
0.3723657233118378
0.1914830535538316
0.23161636856384438
1.12918653517697
0.5523206556115172
0.29744703377155923
0.21684730402712907
0.0929131274655071
0.9238298665422318
0.1674901377861736
0.5816994553585902
0.30162195573692585
1.265117760580908
0.3361176259396412
0.5409344376441915
0.21642605153819086
0.8024922694264203
0.0815019084160893
0.13955399038208616
1.1943019219647664
0.35232644997457174
0.41080283793236305
0.3265673115487737
0.3659286207209238
0.22758607336699732
0.5111866245645298
0.2036223639966132
0.15078891596395305
0.1893336329917384
0.38241586951380996
0.3440777247911103
0.08169759152531551
0.4386015395569421
0.9707291783455787
0.435805063632661
1.234592386750986
0.4336448265550821
0.1324336750789082
0.29679369709840764
0.2460986166598198
0.1747264335231706
0.358321544431907
0.2882010106873865
0.3007860649735188
0.19106747995767082
0.6223271113491701
0.2747010527414131
0.1119981196553611
0.2896215074207152
0.3596948112801804
0.24086783657922162
0.1761928615298111
0.9634722169051797
1.6405203370107175
0.39590078160250713
0.335386369367119
0.3889124427179843
0.2073809161949219
0.28261971564146143
0.6795854502945797
0.957462975190863
0.24827496835097113
0.0283718082927723
0.8782248866891194
0.7728083443173058
0.5856408658837114
0.6100013397108167
0.2315033809173844
0.8322287478778275
0.3127730580741309
0.1518010934925507
0.7242827416545164
0.27965453434149
0.34939260256468585
0.5281871463229433
0.3828309674944408
0.5601395539257421
1.7035069583378364
0.1564024089325827
0.23232601162450447
0.7457866675816603
0.4173328371641932
0.2396451744805821
0.5171697654729576
2.2876907850406645
0.7597999847845378
0.9330351037261781
0.14796216519293093
0.17078921252305018
0.24243260172233017
0.3932971963517296
0.3265232623398377
0.6868854599386544
1.2372375703312597
0.38394194572091545
0.40899432398960767
0.13368145210143398
0.4973127230265027
0.2782078613046827
0.2440471655290154
1.3513139718058667
0.45377905488568154
0.40834321929361406
1.7027104836049196
0.0136088955939671
0.1722875776215641
0.27578215151269897
0.48499718062626257
1.507926030899742
0.18372129162980308
0.2768384724906748
0.11875973007055629
0.10309953785874221
0.14565467051914477
2.071708334651667
0.3132451911719611
0.1516203562110506
0.7174827071189487
0.3011335836149953
0.4391596989132384
1.4625604116159652
0.9177226926065382
0.5224136927265071
0.5490969518624904
0.049239599441288
0.2988830339712366
0.41441981602224137
0.20481312388774428
0.15412772084511672
0.08109810229247841
0.3850787473768666
0.25996509229090464
0.190534038045846
0.4013867571504358
0.14812039838178243
1.38141386750635
0.17696577540084651
0.0696567895780021
0.27016684928664475
0.4832479774225249
0.349870994502908
0.7329588387817146
0.1129103094399654
0.23446884035191784
0.10994830600137963
0.0813292786482889
0.15231268731700554
1.134178119444732
0.0624150213779378
0.7595873833481397
0.143719911942146
0.32246607281759854
0.1900197714195028
0.4714857394489567
0.23871262905800558
1.717358176962065
0.8208721103719736
0.19031055201817287
0.4661313414461781
0.2676522833249311
1.0611554461918327
0.5969940397697372
0.16239223406327777
1.5009231828988538
0.0765310898179231
0.08777355900532009
0.15074365918030452
0.15437566242388162
0.15380512445166877
0.1636016552722107
0.5754587720193578
0.15641241916103688
0.38379493860415864
0.1133632477619643
0.7850072032392611
0.18706842802835563
0.2070171352074131
0.27068353367515796
0.0701586709912086
0.17829706032585263
0.169517914483746
0.2563842759977724
0.4285126770583515
0.9062820072307505
0.40073006592321775
1.9541208143102407
0.472408287600412
0.369445596704327
0.22861633000283402
0.2809280675912492
0.12586672380851538
0.21185172529769972
0.6424900661501711
0.20563734657820598
0.16271258140948408
0.18188021951733438
0.1829329784731138
0.1630687329595252
0.19208209516789163
0.3125210574429368
0.18177608241373003
0.49356783134771315
0.3003334260778204
0.33918465612842774
0.4930140257094442
0.5594283840869181
0.18122584898664584
0.1689121726961562
0.25999322814813647
0.1513320026278243
0.17576370107348285
0.42570223629137194
0.29070370171924
0.2215092152315089
0.329549637205832
0.0825109585853267
0.1182754072169186
0.28656708177865803
0.12621529499947268
0.2930090415786117
1.3729688878201007
0.26418467140980995
0.047317034033411795
0.1422137799419842
0.99188013841369
1.8650612519934746
0.6182497487424022
0.24018663904975904
0.2724387061087295
0.236840216489058
1.542964611285116
0.2359220811780353
0.2863566292679989
0.31912767707852496
0.2190304386275256
0.21738167118188428
0.1670430295330655
0.3067638142470225
0.29730488330446847
0.2210864815106254
0.5945829095972021
0.49687293606714966
0.8837003035899784
0.2757372761388865
0.1558011700502262
0.3496644843353742
0.5283741410121757
0.1544570125706143
0.2688314823796229
0.21673305664028986
0.4244542757181664
0.29135454338702194
0.3874955851464946
0.30469881563084966
0.3339777997095846
0.3102751446420201
0.3486155248179078
0.35190941657099795
0.2144300986191422
0.5026552860453113
0.20937298543205551
0.5337595693088463
0.2522797151966658
0.29174842746053764
0.40473127896558647
0.5875496099896111
1.1197733921829027
0.6661451112699421
0.1975577876493143
0.8916036004382996
0.3110612370499758
0.923641914416871
0.6937919535474081
0.19913369026587396
0.6927779169442638
0.055090032850899
0.5302421284795085
0.07519215213711061
0.277859409393854
0.34193007633764994
0.13291590770664571
0.1365334815166071
0.1005123065445473
0.1623912080716378
0.38298816664848045
0.22753164067432613
1.0509954379964475
0.27087920785450115
0.1913521500605686
0.21764870079825574
0.0642063900010511
0.0712759286479914
0.24512368213425836
0.13059851368744618
0.2432984624145424
0.0811685805905813
0.3363717253492306
0.17060565675402373
0.3467802218448817
0.17710111002196133
0.1929049807585868
0.5515997871634568
0.1102097362899473
0.29553199284735043
1.2235431185937045
0.4392958164188625
0.1999042774393236
0.3714809269330732
0.13273498609731374
0.27535864063932564
0.10884224119059718
0.2055753539827657
0.39592052255083593
0.15344671575702548
2.039248737298546
0.18125342402943914
0.9064907372872593
0.1009073868451601
0.11271307737701211
0.12653476442680311
0.15877616931165733
0.1688297258902388
0.3268825173454629
0.09780431749728469
0.16902298708701347
0.11090852589658459
0.0667674759165724
0.3649027561843032
0.35333583390689366
0.18043224334055702
0.3422487268360312
0.37808417571973935
0.2878250414468475
0.4000573962203666
0.2533310522808203
0.15478245761901582
0.2334378728779172
0.0973868972773855
0.4564928252232405
2.2386065371584403
0.18616904789246402
0.08910023435310091
0.09293386324940281
0.5459370910006118
0.1360862087068396
0.8994662520965859
0.2992680031093625
0.12923949324044331
0.23464270798889458
0.2559438557782869
0.9879868634431966
0.39854195314264057
0.4759165250518143
0.24588707419551448
1.5892583459586394
0.0985103201649942
0.1343867562935876
0.15202537666554186
0.2162320659710441
2.0551234726719785
0.2671383227578346
0.35650980470585925
0.40953146730349177
0.09202767463364708
0.5567674821807057
0.16037251273062827
0.34245100196504313
0.400143922511686
1.0199005002341157
0.3738806492946736
0.6398581280097471
0.048592144191764094
0.5093373664689018
0.1949460074425242
0.1787634931706437
0.2311199466636925
0.7115470459848464
0.1197251642304614
0.0873868437506109
0.17178338855535857
0.10160176132810311
0.26275986085459113
0.5438881188109406
0.3438030731998972
0.29194357889269806
0.4040658055091371
0.12435750522243612
0.1797373963129329
0.13488710489459238
0.20089626783184905
0.097128524121397
0.3962585986292569
0.22141268991562235
0.5286465336839145
0.5153957814206588
0.1002328812191643
0.38914029174932974
0.20030870131261155
0.5392558756840647
0.5143436995221553
0.10979051235085313
0.132574006999362
0.3711437070233696
0.1312478010882247
1.0574248825926562
0.22288008086120614
0.2006574099374076
0.31208832198833825
0.2316078656478796
0.19807958248241764
0.0714939370319381
0.22606033788696483
0.16452798014167208
1.1056621641364717
0.18285424602780748
0.07491483476837468
0.20129624052106074
0.9450289002790743
0.18047726100331238
0.45482627405140463
0.26905760823784264
0.1252285807505452
0.2468006061257769
0.09647054420997621
0.26194802490193003
0.31117134870025
0.0319865691117274
0.22815538883810782
0.4436245708598517
0.3934612925980436
0.1499109500112642
0.1224964853568122
0.27416101312108854
0.1904291461507453
0.22859719896802194
0.8011372790317084
0.258247740367503
0.1406243473964192
0.3903368786228808
0.35775027966863476
0.18560012907213844
0.3886528554192156
0.46106235253747463
0.2818720066129953
0.19139422997326722
0.17335646482291037
0.5284529331190888
0.8425407447966287
0.7828199265949146
0.42429811187653704
0.19985558521766666
0.30618128602102745
0.518858174683731
0.1296208293682369
0.3979860586382342
0.1681131071386924
0.21717584859530562
1.0787572926996278
0.10951145765191349
0.47799122496676216
0.1307541356895197
0.29974598450046247
1.0343287986456584
0.39560130845716307
0.18167074636824604
0.5891466590387308
0.4392773591228369
0.1918065083565284
0.1230561423143759
0.1397360380304375
0.6553081811376165
0.3354924758201082
0.16512306034948157
0.14797962991254981
0.4738776464090792
0.23165781389163245
0.23355754325280306
0.31147650448237363
0.1130559978008322
0.022868051555577203
0.23153493622220878
0.318518565743156
0.3261960001392265
0.15635326883751888
0.3990372125529414
0.19634120310396577
0.6545416660725001
0.14488062650305364
0.28629752131480823
0.0742945808338201
0.2835685814230219
0.5105614851196665
0.31251945936043973
0.13363707902244948
0.20416446184472514
0.25141021583453294
0.1031802139782181
0.2370560427643727
0.22713146509559026
0.19554970069258668
0.15202928872803317
0.4282355105979837
0.8167572823282333
0.463177005479938
0.27926211861770034
0.33763733567579174
0.9934738328235861
0.3759467046556071
1.1390865970769162
0.2421558110950618
0.1568800979086385
0.9645281359517224
0.3813954828983848
0.1367912992206322
0.3874463905568808
0.2673566480900257
0.3889084683947736
0.1270629788207206
1.2772518532601127
0.08960058480176081
0.28123125621777706
1.0856391372731242
0.3861138532830719
0.5299304627020268
0.37894513091505333
0.5909803762382996
0.3113126607240607
0.7568523824204239
0.0637732391388695
0.0824275704353724
0.3244051155405271
0.39714766005190966
0.22594016361202152
0.22460427335408978
0.40738162162918645
0.6957301415147739
0.1762588279035593
0.119591733084265
0.3410091246669743
0.5438894651551442
0.526639045824593
0.3026895189030352
0.834213050160453
0.2993019489203046
0.451548224866305
0.3301690714109675
1.73073780624263
0.41764549527677197
0.2412161973135074
0.278343581647851
0.1293313077098731
0.26614607469842444
0.16835913043579037
0.16050387458814178
0.0950278769420347
1.5495349422639624
0.16017356797104818
0.0664502146889117
0.3509449016881031
0.14625745561161482
0.0343635194474677
0.11524915067181919
0.0922167288654146
0.5775742695107138
0.7428560154671093
0.2565479682531595
0.15967368913515567
0.17707037949928678
1.0201509172468703
0.1515823108289415
0.35972409458364124
0.1658761004497472
0.1843195542051358
1.1443428407420901
0.11293411176226459
0.1403738589867694
0.2816289681458859
0.12498856299892502
0.26022332418548433
0.5277954171365906
0.1922890797367277
0.14398335927777672
0.3440535821254085
0.22309100031075912
0.3927691968122351
0.31618198686586707
0.045346488256979095
0.043293843700278896
0.10495563630321109
0.08776229335024101
0.2528856572874364
0.4649914106524833
0.4140748286345284
0.1127226498337419
0.34336947057834555
0.9914509912223874
0.39481999953777924
0.24550334595392564
0.15197869929147018
1.690065806238884
0.2278340015271605
0.3724012475489057
0.32296292040546604
0.26090679449619625
0.27349364386305475
0.26819240817610035
0.7980301649586182
0.606141430863801
0.7981237226677597
0.3209253837337849
0.21515429314115359
0.5383554215385281
0.47503017574966305
0.8163458629646076
0.1459412447317947
0.39895376804877686
0.3172139303377104
0.2536035448240138
0.2839396511255847
0.26636314800477395
0.2739577143536437
0.19611603928138516
0.30319327423172965
0.8840664914003644
0.48686526885935705
0.2580314765586687
0.4283000034924148
0.2544891588476982
0.2541234590759514
0.1176815251175943
0.30547210507020733
0.2618410305594535
0.13957236709332377
0.21591863958184065
0.3782354700904792
0.2409352178065012
0.22478694308604485
0.924141725204843
0.1658673199524913
0.20628088149193227
0.27600092764119705
0.18883430180601501
0.44758630621507595
0.33620040400564133
0.20246263138912912
0.2787232918474038
0.09184486580040459
0.0506419828205813
0.6406305732259128
0.5280519031904146
0.18820469940981277
0.16447833777170612
0.21777616464623872
0.15404174288762842
0.18153254401287988
0.38725694204143146
0.24112957289815606
0.4202541259911996
0.14780371168049378
0.29308557458674445
0.20754041582667385
0.17684699630470857
0.27865277311512593
0.8870974558466732
0.12766923637592056
0.12220076692696641
0.7109400915968229
1.1813570300327025
0.14081841705606868
0.27918053370739293
0.8738589403458066
0.19866582931453042
0.23542849778086208
0.30716082696975106
0.18607567556495572
0.9930781194574494
0.1389753020271343
0.19829917986707338
0.08920603966433399
0.29856192557125943
0.6606612010915577
1.7338457617983833
0.1206064127838221
0.162189298333405
0.9488767577020998
0.17453383727602503
0.4109901278674279
0.4146757294426902
0.2772165823102962
0.21062964659544303
2.0188574327607993
0.2389622562069919
0.3949518877521208
1.0903619003263934
0.1548218469588435
0.20809765934827823
0.23572134115983268
0.25189073169048926
0.49852086424119557
1.7714121987043054
0.1761624739583816
0.1185017800669721
0.10671108301814519
0.14342548359435578
0.3542099942241044
0.1895147115835451
0.099648583444055
0.13298105447054087
0.402104677050736
0.31496230937954384
0.3107857031390628
0.29742139353451447
0.2031268257387185
0.19458933364111308
0.556944681350017
0.22474827385041676
0.5259528409391309
0.1641838786515622
0.3437209445635592
0.46097794219946137
0.23934222085726942
0.2907839333875103
0.069872998598521
0.18622053612096898
0.2834228244451151
0.36352442042371125
0.224903211826268
0.575912108666715
0.44610962224860545
0.3641761368994375
0.09817556803353569
0.42398374206253875
0.29601131586675916
0.3873398462578459
0.43669817369172315
0.29889981716513087
0.20137782313111519
0.9355375823648767
0.28085840102802495
0.24251523214177048
0.3183571641808184
0.08428536463929581
0.3338993098534134
0.1291209697476234
0.21189385012634
0.28673676369628515
1.0748848845526608
0.21752025140700487
0.21513348098070084
0.3511661718100293
0.37652858749174417
1.8209981932672696
0.17340297040169295
0.17326832174526038
0.1879268881815449
1.131959587350468
0.13728245317818122
0.3429186709767701
0.1342774631567628
0.18904891770057403
0.21766966189684178
0.1662416588566698
0.29016614805577773
0.10332475050916302
0.13533832576001292
0.286556841621964
0.3453686030296209
0.32201551899891745
0.24298709162940638
0.4740831923066911
0.0829406803230231
0.5455292763495494
0.3140264168205635
0.3684612630294315
1.4443447359016224
0.3336896131064293
0.38177213403352217
0.30276338916015455
0.13193927564877878
0.2679785771921722
0.1698635186351363
0.3748697245363344
0.1545199590683141
0.19639940761801872
0.2049210083610734
0.08897492235720239
0.9420688503048815
0.1766364255740662
1.961150976078954
0.21083051436197012
0.1000579185440521
0.30883652099394254
0.14474405087275338
0.2571389268059196
0.5825166063377646
0.2645611692832679
0.12306382172803519
0.17887822313560317
1.1225662156345564
0.26639818548016175
1.3158221145642495
0.3144147719393525
0.36348773519122524
0.15337658901137977
0.34940695624240065
0.1478720000266931
0.21292853390397828
0.09626525090038421
0.0512614753775497
0.29392714835199707
0.4996858549216596
0.2547419652031802
1.324592923065957
0.1770899642773099
0.436744892119581
0.3339714799857625
0.4071426009718221
0.17642075702746707
0.8844206706163319
0.42144831486803846
0.27847079094197535
0.5712522962973983
0.23694312291058206
0.149590014129723
0.2587786965137395
0.3643121123048511
0.871305383547893
0.1395734875280557
1.0037365404887097
0.2109721313032351
0.0800203237926501
0.25489180542923073
0.2912542870075004
0.0745316115048407
0.2000999798267667
0.2978709433339464
0.32705808672949765
0.17517636618382398
0.17656697175442262
0.16537554926864612
0.3915013551183124
0.18815974398365093
0.1711935960549159
0.9869018150305379
0.17527014831701437
0.27702131509033784
0.3491841897254987
0.2457103667888884
0.17657863489217826
0.47650449730614475
0.1459126408096772
0.5068808825812253
0.2053198682792386
0.19299793368442
0.15893139472236262
0.5186536643041714
0.524457658231748
0.13994091430358074
0.34973854280195055
0.9331625146868912
0.4026818537973572
0.8014611113311985
0.25498694265200683
0.47877090393877364
0.0467670543094678
0.3201519927642641
0.4319740934151624
0.2461719609646047
0.7597842103337641
0.1023056075871186
0.15655011020232473
0.30372093568264313
0.44769521222147485
0.183352949327187
0.20489942506638004
0.11816908666973432
0.17826773657345824
0.4552935119300274
0.1113288575562711
0.2891098882088471
0.5593882433457713
0.17876555181886722
0.2983262748868263
0.2204695080835592
1.7427402399213952
0.21140276199800853
0.32083627872794934
0.08913536157719701
0.2293070003898771
0.07264621220228279
0.1408393997794695
0.18978292146951173
0.09323947774048401
0.5400580187014532
0.10787164040840741
0.1683731040873733
0.8714731079228095
0.24166188258519725
0.09044537044608761
0.19532002898209744
0.27872961338629143
0.35072622263078496
0.07066147620409309
0.37444411501670616
0.19920120336365257
0.8524001959391962
0.18794966238190497
0.17291214093492024
0.055718685080345706
0.12418091104149986
0.255152022122462
0.11706184667293779
0.04992733773167089
0.26196745082220335
0.6457725270200505
0.3045444854898188
0.14582677251098108
0.3771398585067508
0.12197864386415443
0.38686978956740575
0.26901708091460264
1.4305821947637776
0.7810902199032949
0.18162577596019364
0.5608331191279665
0.09650687129019819
0.05487512947579
0.083240263808564
0.9086515850212639
0.4536303685732078
0.14332980724918332
0.2457205319118648
0.371552018964251
0.3547147569339182
0.2662027397776291
0.3579434965576938
0.5942860676678747
0.07461367021935371
0.1867389972716399
0.146541007952848
0.08604438049619749
0.27558131037930794
0.19843347027533775
0.2599408515529593
0.06305972255649529
0.4013822265593602
0.3480620567354707
0.088282859891852
0.17898349452569104
0.2940451393154733
0.3618047216352143
0.10602191451094378
0.2495730321404204
0.4108695925237764
0.18324015922341177
0.21864155867433588
0.1312899303588759
1.2294855716353605
0.342441258274825
0.25812942706312125
0.3077400709997279
0.14333629905743
0.19977817528702968
0.23565316551777424
0.8061813275134551
0.1157142005708266
0.27331727789172666
0.4701004141931887
0.10078840265556042
0.17786161656609478
0.30409410166890605
0.36688954902957194
0.16255122663735233
0.1365039551966615
0.0781335159685781
0.1867285439782111
0.15708017570781868
0.1603642302712122
0.1210102464361414
0.1288357778970622
0.1408368801517735
0.21792603157874682
0.1252781096932858
0.22860886902348304
0.14173603219341768
0.9112134380128352
0.24492048919338216
0.16375138905039077
0.7808519563578533
0.32766877759717533
0.20353922191854845
0.4639194193788326
0.363102660155612
0.16711659443916033
0.4216638123117168
0.7357446756379938
0.41787918356379106
0.0449187427198499
0.1580115447536501
0.09874515088944971
0.09126957675765349
0.19611868837303453
0.16953785000936122
0.5587633449960518
0.14950917636051997
0.1417189858584184
0.1956423034625316
0.48779771762544666
0.22653728041193877
0.1542434417114077
0.17746723692133187
0.39934705162172773
0.1962030206835636
1.0622179019665472
0.1602892998065631
0.0345881445235122
0.14425840581201432
1.1672144223314018
0.5464648322669693
0.9341130204143406
0.25642807930484157
0.39268557060253667
0.41245472665609584
0.6454584119058406
0.24764416623009172
0.1758769368857848
0.3322397179601376
0.21625890249172844
0.360685670441641
0.3634764762814784
0.26600651464509667
0.1724592636292478
0.1144084939696253
0.4593951326884775
1.7297270532637827
1.5946945495951217
0.20980260058935066
0.1339487428366918
0.28628460034120534
0.2337023100020109
0.1448503699029495
0.2619401384269174
0.40753715125071255
0.25172514792006995
0.7302502643903874
0.8015423082837219
0.20330836662689789
0.2641898969160438
0.32201575832701723
0.5699389814584366
0.5963150699929688
0.1938619266203299
0.5319075456612095
0.1578720291789364
0.3665359376915378
0.36237434332046836
0.2654031579938951
0.40792979787874983
0.1126756153858265
0.326035565529152
0.5948915967416132
0.3651092236864594
0.45518139819218983
0.3913267282364168
0.8036907599592633
0.319727977669121
1.019405802100254
0.23025031247635727
0.3101306999662238
0.16874260551153022
0.1890885910078243
0.78266778898554
0.31862506532201856
0.2105609487793597
0.15412490185911232
0.1652471159181133
0.1588685158557862
0.5494068557255936
0.2749272253565026
0.5558474242440943
0.17423195232944896
0.2918844029407903
0.0935548763643949
0.2490509524588149
0.1671174521413784
0.2519825853925712
0.24035239580821413
0.1775436958646034
0.21669678421098965
0.10926841535883183
0.16888283098773732
0.20331236721863488
0.27577819535606163
0.6800082396152898
0.1878798033050995
0.4560579064939656
0.35244787759232926
0.4498718455160032
0.22337294626063942
0.06390830326891062
0.1840671695807063
0.3910111312504719
0.1800689912454208
0.2956536807911958
0.35206155444462994
0.5741787064124737
0.9543605365508286
0.43269006329254966
0.3020901390309473
0.6135227603289829
0.46852895629898045
0.5628826512969916
0.35280905733578116
0.7460525002177523
0.16582324251394737
0.31687405127640633
0.30298851077408284
0.149128481455792
0.3134937451236923
0.23521516252965644
0.0523752525775128
0.4755855920133834
0.4012359011493945
0.17172671363189682
0.2211316048438528
0.3583385287269362
0.2901471052424138
0.20394202239661102
0.08382595125164048
0.08438002344540341
0.09685309085314102
0.1488280378303084
0.18512317011179225
1.4434165235231275
0.17219489714821593
0.19620700627216123
0.2356999018405244
0.1347527165167187
0.1630448776671859
0.12750646892877193
0.14047928993496867
0.3224411302694009
0.8724163593196227
0.23405326194310913
0.5028080215704203
0.09802291224734277
0.23258867445423403
0.9051156271910729
0.1968461911568905
0.23176009033294942
0.14648228886732428
0.3237752250372833
0.0547780370968117
0.0621743428501042
0.22668984792390387
0.8483108334110255
0.09206739816993618
0.30012794225321
0.1321138605023204
0.21569850947225555
0.10752327034372351
0.1048538269045036
0.18937704529984412
0.42042536197889546
0.8917493816926195
0.1578173393130195
0.0922906115013364
0.6816751434241057
0.0821432628989508
0.8648118376502796
0.3620473029455466
0.2996961600198742
0.8852845949767386
0.42756512744941366
1.0478602854107484
0.3986639087599928
0.3511106111630806
0.1006444424305492
0.20939062371418227
0.19101046858116413
0.1638545067846735
0.4820587083382431
0.15421321882304634
0.417560422513293
0.5762414033595558
0.5563320367931595
0.2575840926561471
0.2410797341626532
0.3166850435966735
0.24762561655696871
0.3285155346250855
0.5166209362623955
0.1943921140412809
0.4215920824989583
0.23062034781320423
1.0613777317432158
0.28738591635272076
0.4720645400650896
0.2020665826927831
0.34747568944375046
0.30802487907227444
0.2255491355793164
0.252843478754488
0.5610851568043218
0.6672022190256762
0.5727588307116782
0.1912005913434517
0.3787427450210973
0.23181450550326044
0.1609741608824214
0.5817186235991385
0.4125093422042412
0.4279846988760889
0.0849492656483242
0.42968855702573516
0.2658322748415807
0.2593082134183153
0.20515487030278834
0.27746032337923454
0.3531694162105183
0.15163477122985042
0.23798855022363335
0.0451620136301117
0.1165480313264822
0.19349370251286155
0.933627658687751
0.28038952874723144
0.26149397706558813
0.46086635056780223
0.09184727550042608
0.11981422172126686
0.4684756318858945
0.9195052496678854
0.23563084785914026
0.9132632950443508
0.46864500670484266
0.2049485261539527
0.0740988262445697
0.4199627506105441
0.4278751576707707
0.8555852103984641
0.22868052582073006
0.3456336842970571
0.8794606709085602
0.2654567842055015
0.4073790389671588
0.30042318802256457
0.3884482624057606
0.1386692532442709
2.0027362794408763
0.5254872216084933
0.5537518170731754
0.29842774416214957
0.9529096632810461
0.0966078868970178
0.1613486019310107
0.16887844384897288
0.46727914216077554
0.3224542105648475
0.32800220458919593
0.12406115850685599
0.4152197301044665
0.353304179756177
0.1384899419208472
0.31560197267627726
0.09045187964009072
0.1640570762905909
0.1564140309021052
0.24651082498574983
0.18110169328208062
0.4369633646053984
0.15236750883985561
0.5787614833784743
0.17032158432372757
0.21827375553292894
0.228442896233024
0.2772640516444706
3.281942823334541
3.801950395054986
0.2412265302517457
1.5301603252452898
0.2621408333535641
0.8857674648965784
0.17126955011339698
0.18439078451096735
0.794864343999661
0.0969566404155223
1.8885156574124529
0.137931542974663
0.1243066650996148
0.09865292182249139
0.15094034140640272
0.13773469704860822
0.1761163147637467
0.12235649570259641
0.31211089276044107
0.8567169568878833
0.1374593317801738
0.45962215006674767
0.3901802133160704
0.15685133579264815
0.9733496006575402
0.1252071281186555
0.2157245663967264
0.06514527256146
0.12462365563629028
0.09814812614138871
0.12471308629957657
0.11126764024320031
0.3476171909988563
0.41061015498814246
0.2767437165471611
0.1011725413162054
0.1389411115899307
0.49293180982089263
0.1746411453629876
0.40331772796929605
0.30587126000177955
0.11192440064006699
0.18504801821951297
0.29006742222420756
0.0864978609656097
0.26170893893512315
0.2576143272053384
0.3531618644593744
0.28087159385808785
0.5674813267668268
0.33267323740123744
0.1929345859212902
0.2071000901913394
0.32302134510001335
0.1629533478942194
0.0980341663549506
0.1764556772964334
0.362872755440591
0.4377896811992219
0.12672520100815549
0.42963144843471357
0.07443528111695182
0.1114832824831047
0.527362632054197
0.1287277422772667
0.3804229797503715
0.19901437840658498
0.10053748471260487
0.4196374112337101
0.33504618176054646
0.1098917993971229
0.08456810974096218
0.4269104608136003
0.5043846527716528
0.48558344817724347
0.3793563237803308
0.1425409007609738
0.46030707499562884
0.520499194974131
0.10527522124570929
0.19941643518564495
0.9444379538423977
0.377411438296256
0.4980625170077275
0.2748907622354498
0.1103261517946347
0.9310131996256339
0.19749133543182212
0.1264292147531968
0.0791368385256879
0.15049442616692488
0.09927735812285349
0.1932459824153414
0.1924627667684376
0.11172081442649069
0.2080673098147824
0.1646133544556012
0.17095027780826033
0.5197069549450761
0.31509877703236844
0.3654622722559384
0.2765937704384221
0.23275559888915465
0.08336295999997549
0.386753818559728
0.20925521514645742
0.25162413788337307
0.08477782840323761
0.08038566734096071
0.3263790227371318
0.33971677873584133
0.9235117269741214
0.3395253982028804
0.17299639286793822
0.19375006940481648
0.028147125418965503
0.43913978613480437
0.18324462255366158
0.15303941671093554
0.1386764131110696
0.13144648946067627
0.297193100124071
0.1339351040969398
0.0839551720994719
0.21687043128100944
0.1704733333632945
0.0740091828337226
0.42127306234162853
0.1990239085902673
0.19573703970877562
0.1136667880380694
0.655482594145816
0.1213126888005577
0.2618606145385491
0.5447145648779175
0.14744395333174237
0.2957376214335422
0.28066108387808564
0.5305500942819257
0.152914778174237
0.3232902413503374
1.531425841705632
0.0741465099247836
0.1672557909668222
0.1447196948778903
0.13828173614852599
1.2765535344725936
0.17267449085101044
0.17058896810041357
0.3399443787065675
0.18976414286626087
0.21285806777512084
0.37249562809162773
0.14160628067548559
0.2873378920292323
0.89473611767745
0.4049799090567096
0.8712356560253094
0.17182341955791638
0.152403059792809
0.6170308729004259
0.13434882127750236
0.0921160660532691
0.47404767239644685
0.22908772302927966
0.3147113829048355
0.4561126593059268
0.3100888899068803
0.15606939443601853
0.8563662746904875
0.1170144529943975
0.2160067081703164
0.0912090571894868
0.41903792437092
0.4578071169692352
0.22894362080631311
0.25963547571849954
0.16506405546907632
0.3052900279710937
0.35550215687094233
0.20774885696052353
0.1511634347524864
0.1274866557363998
0.36198488434867543
0.74388841043148
0.12025084132187688
0.18252034760641211
0.0918022613782062
0.3624276729454077
0.17792225735024786
0.22610826438037362
0.12060980233148821
0.9305797253914878
0.14488204389744141
0.2534464998913495
0.0945088177490683
0.4244144513649519
0.20809785876596626
0.8091092834768212
0.1297833816532723
0.4378666146033895
0.18317942830602324
0.215205346955368
0.24617495918029503
0.9423355036080882
0.16544650295455082
0.08512754285602989
0.22903800619489065
0.24378749979908965
0.49475180720414247
0.3344699550624532
0.1523978583886015
0.1203805248372185
0.10428759404601888
0.2254526556189358
0.2960698916457486
0.21180205704452393
0.1656347620701503
0.1602537221104876
0.32553963147657516
0.24449108760376195
0.1653420065750732
0.7679267102709928
0.20375712304729582
0.6822946820642577
0.4357592818961927
0.694768994389906
1.4231279563065855
0.25559230951085743
0.1633596811890493
0.13252719057329398
0.5157300621942483
0.7480752187943807
0.6882776879050986
0.1711010570369872
0.2784505438869665
0.2336964031713711
0.20928550634696746
0.2935473303685374
0.5381656944812925
0.45618163224913977
0.22080053178433928
0.3483524911200862
0.20659112154250867
0.5958721390885363
0.34005892817126815
0.8568368655437786
0.9124224074880123
0.5174832129224599
0.36733633535273114
0.43265261821755985
0.34073501539473355
0.2481116771408053
0.4117975532213238
0.37992922964417636
0.21880397988261896
0.09796201316283187
0.2611044516736263
1.7428837371034884
0.8738511053756255
0.27149764398187365
0.46355338977033944
0.2961666758151644
0.3952866646977536
0.7994497318028034
0.5294653820145273
0.5139958137235535
0.3286271330530689
0.28956755264701856
0.1365849433679032
0.38155834202807226
0.16816924142093198
1.1437313521018693
0.41704236256445326
0.30167910378922874
0.28691283507823606
0.26331804525170455
0.46761948982711266
0.13307014664764796
0.2725825392315143
0.5022145244951177
0.21423806489914948
0.38852664545892424
0.8473671866510551
0.5679187394574301
0.0721675831888689
0.09999080152382891
0.5531465501201049
0.2798912027183168
0.48400250899728936
0.1750805998465738
0.4031575569355359
0.2709890831497388
0.181217795250055
0.16198006803003379
0.26140410063921476
0.11566616317090686
0.1272047740906002
0.31648701966989895
0.1608712945063347
0.44112014595847177
0.2556467241814696
0.25711224355551104
0.28650941869413976
0.6254132577699666
0.469644064510946
0.410409005526426
0.6057248470347978
0.26971889845814623
0.1275102213082915
0.16834504078976176
0.48218067647225915
0.6786502388670401
0.3657322586935602
0.4836923430522239
0.12417113030371123
0.32607766433640095
0.17102023206874378
0.4516832995542098
0.32992561387548874
0.1071650631803758
0.11575621568330641
0.06801548596959969
1.2252664868610168
0.41311226433461673
0.23827623755417482
1.0850927943948365
0.41998978280578214
0.2204117341216737
0.20961987266518678
0.2084953009172365
0.20313595804099482
0.12803516499414938
0.836587800625282
0.29548433450113276
0.1114271460171964
0.30361418099677995
0.4530608803111297
0.6073771304123126
0.2966374882770627
0.1759080393420409
0.1267837158626188
0.6747848569486787
0.23448391705113306
0.08349304367425131
0.24210848953794983
0.0788163195912258
0.058263051492996196
0.9054857922267195
0.20884811662804553
0.6677235390299527
0.23892325851188767
0.3867019866068022
0.26579089574762177
0.4070870114879616
0.0896085692261747
0.43680681715826863
0.2817536330741538
0.5080144942908724
0.09834092014366842
0.1997428244984084
0.27199596992592856
0.727099900824719
0.4991346342775007
0.42943440624319706
0.18479562261715965
0.2822029149959728
0.4139847021740676
0.8279913305867879
0.4171299690791739
0.1266897244918943
0.21998450354414378
0.08144520803904459
0.1653058957197177
0.1667120057210177
0.41124420366800235
0.06958581323381849
0.16030682977256366
0.1279499708738288
0.44692570440705204
0.36301562938597387
0.3230595497807655
0.7676832023189281
0.3498054184472674
0.19311005614529472
0.21239967738059
1.8151438288874169
0.20777065079827445
0.10236638041618851
0.21488528988551203
0.12096892552571559
0.4829793197902658
0.0555675125948552
0.4539483484865402
0.3280282198476373
0.2164472026129899
0.2711981915573864
0.422320462043891
0.31933421571359494
0.3684835574390607
0.36340704363570225
0.12835098517270832
0.12796489473560888
0.18216778789490826
0.24506570826582463
6.641707034234361
0.8724516903465326
0.8790504980601114
0.3062835488399514
0.138648798147563
0.3372374562291919
0.30884505679211655
0.13590972790311434
0.1484043007165437
0.2860885462628439
0.1261927433208243
0.11707048664074342
0.1359173645724021
0.1152102055053963
0.1076568051742458
0.19971579265055445
0.18886269292463806
0.2256057825890579
0.37497169458765983
0.15050028338156463
0.3171068776154406
0.10492484467238439
0.1387621799437394
0.211751065608859
0.26203282267769035
0.1640951485856092
0.3182104373181821
0.11119213148922338
0.21416783000632494
1.206559199881277
0.37705396757373655
0.4264331594927816
0.0716727765146397
0.101527238760702
0.0643362174192928
0.0445192265333181
0.09962808520314319
0.1999260662563757
0.12554596049690367
0.1368869939074704
0.29457711489200233
0.2211288902981033
0.41219795406774
0.9129614984317168
0.5483374914325734
0.350899629414024
0.23775129463583938
1.1743122800694126
1.0964248129565057
1.494735204905877
0.8320273805368263
0.3601380315453677
7.722177351516749
8.00598833400581
8.457214172693593
8.537252982431077
9.288887021541825
0.8635506045581904
0.30450360007750404
0.2282604229362048
0.3098948154757202
0.15698779599532842
0.8845872843066009
0.4490336169821093
1.0648631476991048
0.36144195645730975
0.46491548092030954
0.2276927807561977
0.44050446593300907
0.18626119363898325
0.19108598479550898
0.2097632053070677
0.1887112330388938
0.07500986503933611
0.27948701817696
0.6204190337722065
0.13864580555713144
0.17986160734424228
0.2696136608942733
0.19484284535327207
0.2958503550037958
1.572816902589835
0.16999324811005662
0.20360042914876025
0.12224467415040902
0.6304570226473785
0.38453918041832774
0.37477432493221136
0.1721247314861861
0.18285268731998136
0.2524292779265502
0.29206629442263377
0.5435532394946861
0.4314278400554967
0.41036331239989954
0.332556337329068
0.35412311003251407
0.7126506409666109
0.18117356060677492
0.3254152070476433
0.507481898534577
0.356222789790938
0.13725929724951239
0.20148004518550655
0.16871595118766003
0.2991249883064611
0.3465503474472004
0.1828186950286595
0.35894863311210534
0.15373702311044826
0.832511488130197
0.2963561687415681
0.9061925052884781
0.0445377557942815
1.5402006507408106
0.8019535690128514
0.41529539134188886
0.31821339841874985
0.43121092010695017
0.1383428975529102
1.612062343079348
0.5612524385368318
0.41441950391217686
0.326536263460634
0.1755965908673063
0.0887387162385854
0.15735465783554498
0.29843114065569476
0.8333216344178185
0.1442718741266047
0.3326183589028812
0.193353890699782
0.2375919943622367
0.3576360568445631
0.40770523157634125
0.5257431357071957
0.5826224074234208
0.07441317148599899
0.3915957141031936
0.2198695923190216
0.14391366514363557
0.17456370087632256
0.8046460432366849
0.364055473220502
0.36556236486781757
0.16319044849750527
0.1843484531487358
0.19247366258058307
0.2675973796370025
0.2609521656328054
0.23757127818617446
0.16585858562180134
0.5257394444483644
0.30141851038405765
0.37581975110388127
0.1699588643880411
0.1272873072594806
0.1539487557472839
0.19570478968280186
0.16950300901231558
0.16231155482291268
0.4000820726867452
0.2079400191382838
0.2572985804463313
0.20812118104616664
1.1044494122728958
0.3442305278277662
0.3439350867601736
0.21331834670498506
0.035920013730505004
0.2407713833483765
0.2061808285105322
0.21539450084936063
0.15991103661549397
0.18926016959696268
0.1388805703735187
0.40939219445155267
0.1509665252402
0.1874969115537264
0.26185031562367517
0.0958484194269022
0.059531511142839895
0.2267191808550624
0.17679593523004378
0.08860162055308866
0.14615437561651748
0.48219914791119145
0.3172437265900607
0.1393312798321726
0.8592533493137414
0.23328697936503578
0.20183525032208388
0.15272256893417818
0.29276941563639736
0.2750651264631161
0.5135619050388052
0.1923289719068257
0.2369352663878142
0.19757335210525206
0.1898065293016301
0.36467180167826874
0.2522938966136229
0.20919037024116607
0.09456255103406669
0.16060925163842404
0.2143104887403847
0.10293192305940992
0.22441337540132303
0.2140440994233498
0.4011691317979673
0.1488045083194789
0.1300424827990423
0.5098996664796266
0.3295364604333061
0.31910967778893057
0.1062742758578609
0.32231473811821953
0.13197804325203
0.13172949916709228
0.22614659539193743
0.19556630179022017
0.258900995537119
0.13616472963058668
0.1524163719388239
0.42883427602714963
0.49630820127941533
0.12504264908805152
0.2552638742723977
0.26708708059758457
0.21215809647425637
0.2474950996264129
0.4862575698640928
0.28531224233889685
0.1886526907258368
0.11994283418148889
0.22060997988276937
0.1479518337044646
0.14907220960710463
0.2244213781595886
0.2285762415883239
0.2461631292286457
0.0934191529624411
0.3036973370857313
0.3236985706245975
0.3112484578439094
0.1779278379686988
0.2043331256253716
0.45271814413177314
0.49075460009006955
0.3217387349761114
0.2328811718983918
0.22969554002886644
0.1500195439099166
0.1814604239451054
0.26877447575061675
0.1888697377439399
0.23545747407824968
0.11168410466698839
0.7203943710456717
0.31260866033839474
0.1616321638660355
0.17522512072936147
0.18489024848848817
0.702474179234347
0.4629649539245301
0.2630348186101282
0.19181155320740675
0.24267366602629648
0.17194368444794106
0.35978863765363933
0.0870283462357131
0.1731322220066165
0.150018793048365
0.19967582296637887
0.27237605977912377
0.8025772534162131
0.2750546440851831
1.1001676562231637
0.8236764167679548
0.20282947630711612
0.08537902663099481
0.1030425741557646
0.18897366844044544
0.27260029322684715
0.34466629641546803
0.766824042170827
0.31795194629892176
0.42852097146253854
0.10330415878931971
0.6259371630610092
0.34781740866407806
0.2338486627504915
0.17886163293045348
0.0798892072332649
0.4801396979844834
0.19817679580087638
0.5282269682219998
0.07625627512608531
0.14750869186999938
0.18949614606875342
0.1339191343142566
0.12413888950419061
0.1885846305933248
0.07098180436966431
0.20508192262463773
0.19035963875825823
0.1913803595114084
0.6535562116305027
0.25705175205969255
0.18495922690575733
0.47469327833040786
0.2871849857534084
0.2461451997701773
0.14988398795305938
0.46065494825099107
0.22000094560488334
0.2869668032595872
0.35960625854366524
0.0749442913976511
0.18198365306126346
0.7199450010446461
0.22139104482004462
1.0774482531481744
0.6769426423688978
0.1238996464842199
0.1210169017640589
0.08139990161017881
0.07184199150516352
0.19105143728382157
0.43330209700189887
0.06328952038271751
0.2513725798312158
0.1259251273568105
0.14325315456215681
0.274639910950598
0.4541706528186981
0.516562720590978
0.24541085393517104
0.19413206718262702
0.4401691629234141
0.2390174548083983
0.08755067310846068
0.3151886466752488
0.17694416760869597
0.1544812529802267
0.23535307505995828
0.2436660015248769
0.36266859953799335
0.06896124300503101
0.22822308257519067
0.5300452566202893
0.6403860394940052
0.29429270785727313
0.4494412814668247
0.1518968315270609
0.8383209117516656
0.3408684566520684
1.2480509177527352
0.1003910092699314
0.32045076264330974
0.1639122298775289
0.2783886047573482
0.20481865691476242
0.1634608022547767
0.5236319230098718
0.195356740094865
0.38783644197053657
0.25051398939616276
0.10462698650879332
0.6862090938181087
0.36662754562601346
0.22115616484204384
0.3918062779147498
0.9732562751747671
0.22238464416379436
0.15742673899272466
0.07406387886527599
0.838528726312458
0.18367852282385666
0.765464309244117
0.8201873133505923
0.15159566147621628
0.2672965996878131
0.5240963403165875
1.1857018659655598
0.7411857379243217
0.6919153271653697
0.35673329905367146
1.05334253745144
0.23624725845521355
0.203115615839697
0.4613213052310707
0.4131473365607733
0.13581398168574835
0.1576295003631721
0.24927322747345443
0.26585028336614935
0.0922999680017638
0.23697633804666446
0.3781095643169469
0.37945791792302724
0.3803335810376047
0.12139595763358571
0.5474181802077481
0.46887196340027026
0.3203354388614649
0.20209227583697337
1.1237933425572482
0.19147122252403243
0.3449208776101791
0.0640242178928483
0.3685447703639123
0.30396928369416976
1.2445157826103392
0.6011905042917741
0.1842072371990277
0.5485592873323719
0.4397454331959409
0.2331970819455275
0.20726966135021932
0.9570490733399972
1.5825218300814992
0.3467188404736921
0.4589045471880533
0.5869771776791146
0.4010376589912391
0.19549651040965288
0.6947641663931807
0.7414329189053419
0.5280030085537479
0.5557846663625086
0.26813926073206157
0.2476916363158973
0.1258795765683353
0.6122878328752641
4.853653624205143
0.6756069163987108
0.0947785417461072
0.3764701157503464
0.5169888412334228
0.1228905508132436
1.3646020547416509
0.8958888210417564
0.4468458562553102
0.18029426242398058
0.4050773467100356
0.1028962868954981
0.3649765236772005
0.6442537756068396
0.4449426537993416
0.18433612376909292
0.2517825262123509
0.3971031027793569
0.21197549894494286
0.6552052564268599
0.3270727326526131
0.18433575045496745
0.1739748473983012
0.0949361666745573
0.40857397785441507
0.4979303609507797
0.745968330319746
0.1566079325344743
0.057286818595269996
0.10910005921586419
0.6582049957680693
0.1547676227347129
0.3376925318868459
0.26191468642191934
0.28384912050530653
0.07250285135586551
0.15647077137820406
0.1852819642663393
0.3883326643289499
0.19853331905737687
0.23857660325052593
0.17981526543255547
0.552207724668947
0.159055375322602
1.2105556285041965
0.07942958235806072
0.613709577815869
0.48900129997369884
0.3539224083094712
0.9096244501342171
0.1481362867059488
0.0585900548430147
0.40566851119004443
0.411996908890889
0.18886562163311998
0.20881818337103408
0.2170235981112541
0.6415032201401215
0.37393634443324403
0.3544539127173072
0.23284410116086152
0.23703101207989055
0.3379255672538569
0.1747681155985678
0.3570402745288006
0.20272312482748928
0.2709508767083435
0.1476600779427364
0.20177208994320067
0.44665808928412504
0.2219635076074357
0.43399119127732355
0.23707437935834202
0.7970600746959369
0.4292926114526937
0.4295975874172338
0.31865745465105655
0.12160516741409208
0.5067732851447876
0.28907599284634
0.8902081546540885
0.39528910111334226
0.43281025333455914
0.335977369493633
0.3968712482835588
0.3470640513235946
0.5828556529298079
0.9117054662113436
0.1742328479988009
0.5676570465519183
0.3160400678589529
0.32576549566883906
0.15495637936401038
0.1184902261402479
0.347362595846842
0.868217168308804
0.23893427108687632
0.24644988730396267
0.12090836911553751
0.6097351404614311
0.18827870770146177
0.5647195387107493
0.264307037713307
0.1384260058587515
1.3625956712069398
0.061563452753854095
0.26132399107416965
0.30506810154237907
0.22852845300878993
0.6638862160734527
0.28297511780859064
0.2380597232444165
1.1430909772375852
0.6968677696436698
0.4403074669262257
0.27167724543953964
0.5346960188367154
0.12441747736170841
0.1412276959850273
0.6328493118372895
0.27422958328589064
0.3288749561362265
1.5751498129100856
0.28666579595546904
0.1743755263017242
0.8626750288458397
0.394687022251334
0.5582704520147499
0.6600289276712754
0.182172263847912
0.6849796033164752
0.1935079978451623
0.45490762154620384
0.3330262520382375
0.3481419641061877
0.29447732919334224
0.28247334392247825
0.16881137634269838
0.46925548667734795
0.4759921692622142
0.43054869533443757
0.4268326262208666
0.08234655547946709
0.28946357304575354
0.19062319890013457
0.6734761426239307
0.15879953495086002
0.8582764344241839
0.4820827356401942
0.1500245090714653
0.4200756671801857
0.3569575779066111
0.0806502448304102
0.27258188247779325
0.20753310912921857
0.29793458341115914
0.9161981731820668
0.3011171853238938
0.5968843389957557
0.3790678978910776
0.44577091954719933
0.735530398164891
0.6354254300839318
0.34643240850455226
0.5094706460330651
0.16613310835482348
0.2586016918417596
0.639558874921524
0.7907997984320019
0.1085198069099882
0.3423471666819293
0.7493191562266575
0.2878042904306335
0.16474528834268126
0.2968738842967955
0.34328375628035934
0.1564963910291194
0.736214149998623
0.24215129355866416
0.5144362364822634
0.1489959654388919
0.45276366185457684
0.9805841209640066
0.8167718041415178
0.2484705397501727
0.4319520959692413
0.3472839160545934
0.26540093914759477
0.1239543338137295
1.53907532356725
0.3486182498914021
0.121067319407294
0.20093825624375383
0.1638021384809913
0.28830101582308165
0.5698844404209449
0.7033871055813643
0.3647065816614306
0.26480699181318357
0.918055033954077
0.6682357350771312
0.33945743097010206
0.47289773797870205
0.325228559043985
0.8634662281409051
0.5612601099599088
0.3998676346195988
0.750910267518953
0.11722054583449092
0.30345471636479554
0.34656767394233834
0.3755070268900138
0.19853497013518828
0.1994693715627366
1.3640453449961392
0.21113845915140705
0.5002884728668777
1.0331193399976346
0.1603616266044782
0.48385228532645963
0.28193908238664234
0.24107657907800878
0.1296333630463526
0.4312113268759597
0.5695521878139456
0.23479236460285197
0.5232043143484187
1.4393749503458144
0.247400466405868
0.1325637635142209
0.21506948851134294
0.2507562298004697
0.42882500623344677
0.18247162642826337
0.8651724322426841
0.37840643934049806
0.4451076350815093
1.5530902597799416
0.0928300106081441
0.5967159997299035
0.4528839369703675
0.6168225758746556
0.1437591565358169
0.8181750907857179
0.2425811868910478
0.14922168463184118
0.3139798982499006
0.28413039607965485
0.5106861899775359
0.4077400631011628
0.2869798381652967
0.18287202738975866
0.2182670181286659
0.9035335195935248
0.1077687736761849
0.1612490581536323
0.5123038623418941
0.22126408963142838
0.38439464058474226
0.3654604498876779
1.7590774217466745
0.16931486233712315
0.06631709692132211
0.5323852096881089
0.4201344554978245
0.2257194915497354
0.396911716819625
0.13631218079906188
0.27279013799961777
0.2761586724497383
0.6718808357354812
0.345387190622959
0.42356586587678385
0.3055941097463777
0.5203257243117185
0.16405115176557278
0.672662826644076
1.4350341824674442
0.11203796816531122
0.6978778592931287
0.39803524369575605
0.1524047399643545
0.3687920358266506
0.1312941375973521
0.19220098747104863
0.1225591318535694
0.49845219063157353
0.18232735497765287
0.30962418288803184
0.2274748513175159
0.3772335149850085
0.24204561373967642
0.1172061509586253
0.269861261636459
0.9011658012972438
0.0905546573812301
0.3352285979846844
0.082362225807154
0.5265038801449169
0.45059289092660976
0.2088733367165496
0.40889388760897016
0.3562885992353221
0.1819006865350447
0.5069624349117345
0.2639950217479841
0.1366063239406884
0.25587375836055093
0.2506390698781613
0.2132877264062139
0.4036654789135695
0.4908423937753566
0.45044869150785094
0.22754293509244072
0.10948452755709118
0.21718212741121734
0.31724795665472066
0.2909171377269625
0.5964878509604354
0.16025902943855652
0.3473565328220482
0.3875085667163905
0.46503908203362865
0.5795432769678951
0.9222974100745294
0.14789713564903662
0.23827681768226935
0.7022700347008357
0.38696949887769927
0.20184808123825398
0.12287031082089729
1.0533060990113305
0.33115227601516994
1.084991085228193
0.181073772245268
0.29722204450397854
0.4266215897094139
0.6185651584292223
0.48332855842698386
0.2969484902328726
0.48099764403010803
0.12229573017376952
0.24886838477290585
0.25585480692551665
0.2851633016491751
0.6449810632866555
0.37255824379053404
0.2639139570986502
0.4913381322114931
0.6746521261370209
0.27128661615422356
0.30357027837200545
0.40940987274796414
0.42739776602053015
0.18200388816546176
0.23190714979030186
1.763960084097557
0.1476691579595775
0.2695893769537142
0.43450262243842286
0.24762102881420495
0.1296213780123265
0.23006323921803537
0.1154206578947394
0.4635173119552619
0.36108716961503196
0.0573597645894486
0.2860516423349242
0.18285438606347978
0.3905347261214188
0.5480384938218857
0.404584245258242
0.20813574285349973
0.0748100553535141
0.08980416201323321
0.6077003740117501
0.2391085382666288
0.9735705304132789
0.307110318472122
0.1527288174678482
0.27913828340385516
0.1908727017951273
0.4029188326643946
0.08168254245934212
0.18830261112420155
0.20161861060574257
0.24154333015558438
0.1421575861294426
0.13418291708909622
0.13892995414130294
0.1984165891872474
0.9621879856999854
0.0837048744242189
0.39803097008243493
0.29153958615204834
0.22115119143471973
0.6329490956128643
0.046108352763628305
0.32873758320781216
0.35952561656489385
0.24666926356797397
0.3010451062068769
0.21901520032295702
0.3894975976056735
0.43470684956880745
0.31649584430478983
0.335912615275824
0.1310403547275854
0.23180484076509483
0.5385996800157333
0.5679206492396599
0.14256756081402377
0.3618140820458329
0.6643435053084095
0.1388407083951963
0.1982327120017703
0.33652280757290925
0.8785506941154047
0.25136687614025227
0.392245555389145
0.1530493005660173
0.06280586926982251
0.2220202430536235
0.38461759025403375
0.12641673856552477
0.5703669245870396
0.08912314358377639
0.12857273326474888
0.5285448058624334
0.36045444658777215
0.3309385733293687
0.3060931112301088
1.4806291812721595
0.08449512468036889
0.164338167304136
1.2070429830823275
0.11044980508859939
0.3721404074954348
0.485887810688308
0.5313319136877364
0.3156420838966304
1.5207768682943952
0.1154825541375042
0.22299791478828523
0.6233739256758961
0.3733465900242069
0.12630673886198132
0.1919105483274746
0.16589025463270776
0.24028653425364133
0.1067027003121063
0.20979344776918693
0.2992344793805686
0.1955855316322278
0.08733633067467592
0.6875893308678165
0.1796578301247692
0.8113781190076985
0.3017260788289487
0.14918901817444258
0.3880429817775805
0.3396084586376983
0.25624659445975917
0.2808235578098684
0.09861310149283882
0.40553050531572726
0.16535676875753408
0.161198330438167
0.39458592535518383
0.593707013888134
0.22015747013243547
0.2431896885093466
0.8477900993724
0.1791806002810869
0.2562777771101382
0.5097098091884713
0.6359480244813548
0.49406452233045683
0.1401886154377003
0.31497317185916096
0.17192953424726368
0.43388887623966826
0.3029771939875866
0.26666917258371514
0.11870991309807094
0.5985848141147434
0.08705692398484739
0.2772255359549825
0.3964938512245027
0.1394652603195876
0.1462497205458518
0.4240972977354992
0.2217010493051457
0.6598684497160272
0.44643767557339487
0.2893869772285763
1.9345251584004641
0.3238530712952243
0.204183921477483
1.102162191551151
0.46148059765262905
0.13039161489819512
0.3188630798716929
0.15386942255458283
0.19992180794197634
0.4387512649141353
0.2368261297118054
0.11607013186494522
0.10682810698352001
0.5284814332179748
0.13250493787256412
0.075767039293611
0.30810041288274215
0.0721522385150976
0.2760718908930935
0.2603037064297084
1.4142520362893625
0.1726126660075565
0.13330011315412443
0.7339363606765804
0.1935417137518603
0.425093651258024
0.1922301045751626
0.45958414268117076
0.1549085067598668
0.2980680520384335
0.4644816043525215
0.2311300083106986
0.1522627368888431
0.06725909790238539
1.112694364390167
0.29497850986359536
0.125759514728788
0.5910213932603579
0.1348999895961786
0.2631916255470599
0.6880068054650067
0.2749616634177015
0.22781503699083838
0.2806500288108721
0.045278107158107796
0.15268987531258288
0.1823962000506537
0.3141371616226667
0.19352068194510003
0.23554984982851312
0.17956907203434253
0.30728474725914656
0.3633045780404591
0.1699431035877705
0.20332880249366958
0.09037231535603571
0.8350170191053119
0.8243425797195505
0.5827933260332924
0.8611856538737408
0.8591626551914198
0.34456272946332306
0.1940309695934822
0.2881733551801535
0.4963174231678405
0.5084732019545437
1.5045234567550276
0.11377290360070741
0.34003237606618764
0.2914286495851869
0.1992368608865352
0.24581674593355457
0.6703452200088165
0.5675854471353616
0.1768514773940284
0.41106303653714515
0.1930202136299422
0.7924045382139577
0.20802007254356542
0.18520082167816834
0.3547866873948278
0.1312783202438804
0.848679651614946
0.29036404213021016
0.3985921902210224
0.4565963007085841
0.18209445885663086
0.2543535243423189
0.06447647171108999
0.1618805105785484
0.19942436017973642
0.17018718528222018
0.24794913396928503
0.2628680637297705
0.2491376270059008
1.1462518697139037
0.6408069841680278
0.31542845361300953
0.36414699524271166
0.22522427277244014
0.6190630499911967
0.34871497822789677
0.443743937944373
0.9272090486310275
0.13495314773514122
0.1439448794468391
0.1594851690225743
0.1149056763174301
0.3287749402999717
0.4466296290258266
0.1968870473844659
0.14473971479765418
0.1712065630270171
0.08294195674795538
0.6751435561662599
0.2412623631258658
0.0248452803840771
0.294046307391174
0.3090451804848763
0.33744408304125556
1.007000937531791
0.2768709382739972
0.27517828092711144
0.11481963216006308
0.2296466908604472
0.09547220599109439
0.24646573722108556
0.15370772234886182
0.5633703533571415
0.25554248443747435
0.24022790518081177
1.0319037039519983
0.11222685308776371
0.2086899442630732
0.4053058588892595
0.1372044139540469
0.1826178088787421
0.1350441815057473
0.1686289285846671
0.7073342528274634
0.2578767868282731
1.5700189617617237
0.0629130244049211
0.4126195618445956
0.5205924934913388
0.1490542629720976
1.0703557250921585
0.057083306096128
0.2356448947010322
0.37809212725837726
0.21789708523018148
0.13864753030700172
0.7782738434284054
0.0218434094117503
0.07666716717078069
0.20658164921247468
0.1550341961547243
0.29942315454596785
0.2568980696488131
0.2425189064371931
0.4298091640751237
0.11258085377276969
1.050136015237479
0.24394979162343156
0.14776651920257472
0.0251953504662526
0.4896331203926222
0.1795464091436485
0.19104026516168648
0.1296022868094422
0.7481193056148373
0.5330940882847063
0.1666732690327351
0.1303184603847205
0.075225177178309
0.5439846513872387
0.44333825529977744
0.4623622578855297
0.1166468304804972
0.2116990363712508
0.0686651883388806
0.2596663955294815
0.11643008778506247
0.43577898443113083
0.11153098474316947
0.1826143940280981
0.2779090540556937
0.21600652656970915
0.1328610311075859
0.1530927849693235
0.29457374096780914
0.16462512260565726
0.6257348521771626
0.43161948086724833
0.3705943708106165
0.1266034385258629
0.44734413070564993
0.35441106124896526
0.23426818607415673
0.1314323494865636
0.0782716382134157
0.0786592379919613
0.4861511394991913
0.0900826357697228
0.1641034766884134
0.21405838659604542
0.15416878679491497
0.18312038548416512
0.5276416298430533
0.35312283836377417
0.3638943996391403
1.392661898949234
0.7449461502287679
0.34734593891037396
0.1849139596511166
0.15315044025467753
0.08762455155832502
0.30305218238907805
0.3722216235243098
0.1795893434168248
0.1908424741030293
0.0492013137669806
1.788733364167869
0.0775268609686572
0.13255497148305326
0.4927245702947232
0.1674434910548973
0.16286299757371261
0.1369643133973925
0.25541539601764685
0.3574575160733521
0.17640174876234
0.1816931444578837
0.2038784542503208
0.25248734736096057
0.31295972018862245
0.260498321121056
0.10607397503808479
0.0646250132287116
0.2223250326003114
0.42698291579824876
0.12772503698255921
1.6186154476398678
0.23577384534903176
0.9422362006066276
0.2957314662707518
0.4561242022245976
0.4172638279952037
0.12229821941857791
0.0966746922274924
0.27576747795371137
0.3394242503363401
0.5031351734685443
0.23690454527187293
0.11158126644780919
1.017977942730304
0.28694595973420456
0.16475984227636314
0.1730156077886876
0.16030093381364532
0.2233418981405602
0.46950481914391534
0.2146953007899933
0.287716917372027
0.21902102756310243
0.2610867330054551
0.2270636099513009
0.17183066355284
0.131029453935165
0.3083535072478185
0.2531298425014861
0.29755414797902535
0.09685973221207839
0.164785932669728
0.3064707377386345
0.0600354544189063
0.1831689155764678
0.5584662079782092
0.7114992425603396
0.5459087490357029
0.5952676045044788
0.20373080325567794
0.3678404911178519
0.19321606771034563
0.44339035789015546
0.333287450597274
0.4252587555884774
0.18538668763310073
0.43510608432489184
0.33674209550855966
0.2285982092167823
0.28064270900877875
0.12772460314023648
0.5098864634927613
0.07819690942776411
0.6075356261392028
0.6819960327519478
0.2976438922991276
0.15191626398234379
0.1280610545608328
0.18359012718984322
0.8442666922989346
0.1597463288640521
0.1662354438011202
0.14456878592810538
0.30998238127409067
0.31237029235154135
0.6009711660645912
0.1745289485837099
0.2137325616059335
0.03944251462724781
0.3798022830287452
0.09158472799543568
0.2312132602694475
0.9365975067694285
0.045623186679937894
0.07746335999910549
0.18719050966093587
0.3205493190408275
0.12042757045296891
0.19527917240132184
0.1482849539416689
0.7365044568442757
0.17104119454100047
0.17836198341528792
0.28741738023247526
0.4488596406439281
1.0208406961406353
0.3851032982823373
0.22347173291959935
1.2845222209411897
0.41889112347707536
0.348478904950514
0.2545401650776063
0.2986336773710013
0.1106666933731623
0.25822356411218655
0.05735411938910849
0.2000374876537026
0.25221493561037245
0.34919785145347704
0.12393862014837859
0.1784409395745785
0.20648595085321597
0.1499256950286311
0.3813812159030267
0.16245698447959017
0.3092251709176047
0.3627610778243373
0.8638255819546428
0.20027876230760494
0.3950754066796857
1.1626401565752067
0.7107527343891956
0.3643939999344966
0.3876375369726536
0.0923383544406726
0.42279942953288396
0.35603333192422065
0.429700774331249
0.35018349408348215
0.49718244360666486
0.45672600736585967
0.19646877548415098
1.4097597609971748
0.20180016130336068
0.1863639929743805
0.47810810407594906
0.5537223829382116
0.22205530691043035
0.28261947390009434
0.21144250812859672
0.0956021653348311
1.3879892078958593
0.20380943879741711
0.15958065172293356
0.4297501592683936
0.19711902497343997
0.3797941078518503
0.2709819891898575
0.09571976941072541
0.29907503400523133
0.465653348491234
0.18076171499835442
1.1084395031234073
0.07333298086117579
0.9278405763877703
0.2188234525109457
0.1077292870138738
0.3354514672470462
0.2129937698113557
0.1774609787611072
0.27238263706828003
0.0857533070228042
0.19937578234432507
0.2537053459961924
0.24857520435226388
0.148090769943477
0.1433112542017549
0.14317974912805784
0.145714833451472
0.1457878257910581
0.37787338776529583
0.37080722329499527
1.0019086727020678
0.2641024720124411
0.31412022422112773
0.2273592470126134
0.4916644490297136
0.3878417803778151
0.19384668284508771
0.217489778034166
0.6622791534237411
1.8040771882137148
0.38249968860172145
0.3951634915938831
0.38102262088712613
0.8144165139307263
0.2317347293973258
0.3198256660798141
0.3595260009950432
0.4285765016282303
0.5444289916293906
0.3510166500635039
0.9533232822463471
0.7820343088935243
0.07250571613481681
0.1942983975456033
0.18765055894646232
0.251694052927001
0.832544058174958
0.23683105559212309
0.2781377365077453
0.10422097630293142
0.21346555978976717
0.2369968634457971
0.6722373904233618
0.17384262947232793
0.2315992380652132
0.3702414552453743
0.5276005615267212
0.16628487845981949
0.4219536793826858
0.1537260632635102
0.2270731494475313
0.18442560143865305
0.16009723836769973
0.4300974100127913
0.11713539152919258
0.11902776530106149
0.2364501713202471
0.0841743110431854
0.34840501548764136
0.2745487370934648
0.9868116019570589
0.1817227832582187
1.255490169664787
0.1586626782174841
0.37639231257726924
0.879476438789571
0.3618375250439349
0.2536125919830583
0.5246382138513139
0.19357059838487925
0.25117815995539416
0.7703525799292951
0.48457513396460405
0.9791545223618758
0.33873999005804295
0.383972325129048
0.15273464963576155
0.21342942385774788
0.0733785920023586
0.32750124559527094
0.1654625671823167
0.1374553151119419
0.34723487139222503
0.0917171772905814
0.0874159515242037
0.1266957710925153
0.1520579534413889
0.31818079655866993
0.1964905739157352
0.1774487298834849
0.15436022260381999
0.39379626308085397
0.31909678881926695
0.16918336023849345
0.2380341931959836
0.25861429813635123
0.4055474651438091
0.11173664200829092
0.8114531047645597
0.0398627290995215
0.21418455203980252
0.30899164210834373
0.3010106157761516
0.33816664417824205
0.40576879267295474
0.33644219928125363
0.26906560823306475
0.27402809936615996
0.5182816339702723
0.31979035865029093
0.2051339251073062
0.22743248740829647
0.1925581285010466
0.19345416142273197
0.23514268189110482
0.11276749452026712
0.12628377373623428
0.17975109372033832
0.40237393290338563
0.17579484062837958
0.25720063327158227
0.14029668571470202
0.34194207475946814
0.26943564063074055
1.0318781763761156
0.4776930969018516
1.590127271467514
0.5688069948377457
0.0727833426568143
0.12821217339506571
0.4113458585976444
0.1236088186459458
0.9706450419294848
0.10269144240721989
0.23165208685148206
0.5607267308475119
0.19360189638505082
0.9228559116168458
0.3445500290140036
0.21851718631105865
0.3735786227424711
0.9188515811074806
0.1587849660669483
0.24252575386073866
0.0853782903912928
0.1124309112887483
0.3696565255513417
0.16200074162399822
0.1202016199808266
0.25527801500400493
0.4131774476352609
0.34994887432448263
0.2230148304764336
0.461019678017516
0.569703803977894
0.32236106241511936
0.0535441854979056
0.27454113522492435
0.20709988905025517
0.5967366780248371
0.3144960100817619
0.16338241175200652
0.5936874252712986
0.3240899298615006
0.0892531799394069
0.6201959900441514
0.30371432283609656
0.6824096941503763
0.1426302295523309
0.22618047696139748
0.1875286949980393
0.39224519501806576
0.8819641494963524
0.0344235415519133
0.6672097839132606
0.39581233631803464
0.8730901601331323
0.42864366487825145
0.2707581193430611
0.24155926925075044
0.27801562300063265
0.35299405685328533
0.11697958501188542
0.1753311401441644
0.6332062204097788
0.6976283549642578
0.31889707626172775
0.19589310765521412
0.0966959894631011
0.08898872826703191
0.24914751057724077
0.28868429382233285
0.2144789523509834
0.3380539636203417
0.0907333873232583
0.5044435738071097
0.44542070746614526
0.5784526860012879
0.134063104425171
0.22868771001081
0.054297348285676804
0.4208865449518834
0.2828079099834427
0.3461092010207139
0.6240015171097608
0.5674413083617795
0.2605663507909262
0.9631327383015509
0.8144533297518453
0.0932599147064161
0.30022445643769297
0.866648581156492
0.32061088525463244
0.19544969427643696
0.4099290904668521
0.38041791550346216
0.24196712869770304
0.46803672485375497
0.11675672485702966
0.3177900982943074
0.6614286710323853
0.20525979775561348
0.2249653436729998
0.21536626392176936
0.6350581767373871
0.14277111644392987
0.1223542268703445
0.33762556861916193
0.29500185808429635
0.3914157661396289
0.1627202634864684
0.3843613168808552
0.18481775047746712
0.040104171893906304
0.14311827733329766
0.3988999700359809
0.21428357846733198
0.10678230157099741
0.1320509089499482
0.5632881861572836
0.2411960674499614
0.29126401450910827
0.1834922952785603
0.6947458877463214
0.22054616382763123
0.2663347294924045
0.4531190806395885
0.6086420955335583
0.0786357193423067
0.15101988796469132
0.35407081243706384
1.2288642427619898
0.0871971102946351
0.14280414579574519
0.06553055307250491
0.3511357044278692
0.23463526991616843
0.9267930303709433
0.1585998733811454
0.40839625689578457
0.19520164732193448
0.34141050684861135
0.2497259958716592
0.455849455174236
0.2495511822698589
0.11607279730125908
0.05049438217009081
0.066290885469738
0.24311322919228884
0.39013257944800833
0.3352569481665924
0.6908540130392341
0.20055625620161627
0.3409625013345956
0.24052633287242894
0.23813805317900355
0.35394875131074416
0.4953374767738089
0.30667392893474055
0.09387671235121792
0.10850737658712811
0.3807567048485758
0.3989035979966321
0.10340079574658931
0.4526089675373379
0.2163748713897569
0.0698592563631177
1.0753216436296147
0.41302959578324616
0.13384054220535732
0.06338288096750601
0.209876569484315
0.4270717148128148
0.4302829062509204
0.0691627887202919
0.3570538773635551
0.2880678701604535
0.23045869034812388
0.15981702716437557
0.27470776083451065
0.43265693611171546
0.40431954804820336
0.33678739784457273
0.2414314929647807
0.1323964096558857
0.34396948551270873
0.12064341058100751
0.623228090553283
0.2645513141612054
0.5580288127915978
0.22526127163924692
0.14264953805141828
0.07711075211747559
0.24939587671335517
0.845400903657556
0.47426687782643806
0.3124868672626035
0.2505229726530982
0.24925679979180715
0.16820737140976663
0.0755197369759197
0.3209452626397503
0.20223139222969158
0.09122231340576581
0.18891413030498558
0.1309384844188369
0.20991455735107417
0.1352727839850745
0.3352762619445007
0.09819935915195119
0.0646000632845273
0.3147797570580924
0.3034571264404859
0.4067936887230658
0.1956720993773271
0.088530348856726
0.09079571057119501
0.17108785213677452
0.23825831877956147
0.1544356207700536
0.4110751084053726
0.5968968437481553
0.1673846188167365
0.10620994097728102
0.6004003133139578
0.6365755436015741
0.26164015148381303
0.10834572634500908
0.31171784929215124
0.5334591672784603
0.1509648812419687
0.2412695908379064
0.1241410006827216
0.3133824757264455
0.529605449981639
0.1298116422564003
0.13124783614099897
0.14660881662531627
0.32618244160911297
0.0887508471819432
0.3703214319239349
0.8738667667068003
0.5501366320045809
0.08606275146739231
0.0792487435081067
0.8030464719298307
0.29843091498711577
0.1496487473525105
0.0986587154548976
0.1337831254760201
0.5104237688030958
0.05493519685260641
0.16782378441303214
0.24954748265281315
0.49825712405473643
0.41380524757678955
1.405833056718647
0.16963822257041586
0.1537195446050864
0.269818012469863
0.21836495968277386
0.115935013607741
0.5204422112116495
0.5987973001240893
0.5633847950921232
0.18135148113189672
0.4249521520716054
0.26144815798384424
0.36987058111783666
0.4143975167690974
0.09132268061400581
0.26957083032119755
0.15150047290795987
0.18078476585163178
0.7972241467385969
0.3354116440546576
1.2435629320429316
0.3328161676046956
0.21028901933171398
0.592917395460808
0.1750478809481174
0.1881672877148439
0.16679956398901663
0.4109250037539828
0.2444186176478083
0.3275856436423713
0.5386948129922207
0.2721855961034597
0.08317603090768691
1.51995070972793
0.1385005374856429
0.2020098488593972
0.1935997628994992
0.37067035014508914
0.1613338465307801
0.4004202061835898
0.23881951808144863
0.0639341506438335
0.0872607505705485
0.1701180476658821
0.16771428391747
0.21463054788315103
0.16878991648472458
0.7379933556355026
0.1043878386388434
0.48575329762054736
0.20852704174708608
0.1391294635532396
0.08348002643856939
0.1068971971650316
0.19148587045451526
0.3180733014211602
0.0674386181049476
0.4397619838611504
0.2102397855491564
0.2540682482296581
0.14964273072985368
0.219725071760497
0.43994870556137416
0.0452477995199275
0.2193532704849655
0.4454872287393933
0.18588943910115469
0.2280829334344625
0.1298120394317219
0.12219604580066058
0.11094113069471918
0.6291711494373228
0.4291925007963144
0.2850957742236699
0.9671633939441776
0.1892709171262787
0.3572164370278448
0.34548125418979636
0.13611756834233196
0.4073305095926908
0.13507802475949413
0.23899246980682992
0.2932344074875421
0.1947846114266263
0.4702836925711398
0.15096904840480396
0.32729438297372937
0.3593534827828613
0.4940650571763823
0.07921553405172621
0.45718496181482665
0.5833713353811245
0.20951231704997628
0.2217754415027759
0.6939096027724269
0.0822621082419234
0.1146943192443358
0.8253225175396104
0.44411650297578653
0.19962683337659595
0.0766773466322953
0.30977108998459413
0.3050012110771217
0.5133314172822028
0.7234497284267436
0.30244725309347187
0.21389954385566634
0.345230125963644
0.6765605302120135
0.4349574367628587
0.22483253911435888
0.2652531256387062
0.4673690280510155
0.3531272607944129
0.19565968178113774
0.29637451736012893
0.159989869585732
0.5889026941007977
0.17303066885365995
0.4554507384691273
0.2590192987816036
0.7238833896484335
0.2094802162957876
0.3727404579083088
0.1527611794081828
0.13776386527249865
0.2119501391416801
0.0386467838629412
0.689002327611637
0.7483678633914105
0.12143098517837869
0.27544137592640816
0.9175570651153524
0.37172886542569633
0.192053445425857
0.29717295951463996
0.533275356001988
0.3405182933484795
0.1309170903177014
0.11208928463828322
0.4477490153713656
0.35564595966605417
0.1420566500437079
0.20100108642543174
0.3396250292573385
0.1384144043690394
0.29593557279812455
0.41383412206002734
0.3727505882861669
0.06380568781342119
0.20327713119511953
0.288722973991765
1.4622740802876635
0.20468182692391662
0.16203567035965358
0.3918155821493755
0.5012019908642082
0.0391684850130167
0.27604339239181763
0.15062459963560837
0.26391454173744155
0.16639204728825266
0.29335790852137456
0.21401420604513893
0.188962684244289
0.2585263146754078
0.08110227230077119
0.24736671059304102
0.1180928854713978
0.11659541933360439
0.3468461018259127
0.13653082409693468
0.46952429530297984
0.31648615812224257
0.35057644084824047
0.6144446379997532
0.0827994366431931
0.12085475929055853
0.0435318958347019
0.1846327190790451
0.0525459729312643
0.23308950494633524
0.0877166067916126
0.1169122014574589
0.1641225519111813
1.2680049888970208
0.6544467487081658
0.24122905080242218
1.2458280254778344
0.128677871388185
1.0355281461652706
0.32380919285032655
0.2883170077072034
0.26242963942139697
0.25381826609014607
0.2988903524518532
0.5312152505318857
0.42702011225692293
0.4329736834376576
0.07585937725306051
0.42198894323343183
0.11139238143812161
0.21175376650718708
0.1535133573692958
0.3805143909021048
0.37081334851464604
0.1045378445193142
0.23077243179400148
0.45993784455363157
0.22309771886596283
0.20788639477380927
0.32236236977583044
0.29517628702876186
0.304436795616062
0.32084935122199193
0.19175576875106654
0.176495160372925
0.1394853984721151
0.44885140887541314
0.23369414113635112
0.19883852668178548
0.39184770062822605
0.3912537003624629
0.9781168838078198
0.4393540518664506
0.31351667024614516
0.4635453298355141
0.30841154575857344
0.3475604805984157
0.1449668092974161
0.28681443104844456
0.5307950129889188
0.2674538133804455
0.4808687561817506
0.272406478862023
0.39905854270703545
0.34751814494683897
0.13569436643523997
0.24083685859417348
0.24675454819583562
0.1821279567045194
0.2475689238624089
0.32943694556256364
0.7429311952382545
0.34269125251252514
0.10794693538989873
0.1285953699509293
0.38082721786711177
0.3653012216249575
0.2862506011531689
0.29387420207308335
0.0960883138075879
0.34223162372835153
0.26101853670783104
0.21290087501967908
0.22165847732353366
0.8647064908565703
1.0852817574631617
0.46497966217806064
0.2690491224806036
0.1245866280185985
0.23017960255074743
0.0954337196295462
0.1283123761476099
0.46591453631544083
0.4674368503611519
0.2948853627256577
0.29257657509708346
0.25659341773724453
0.1013038131401158
0.22760139366969867
0.18151719424854768
0.2420454219940293
0.39427835417992063
1.0073507140615827
0.2801043466135918
0.16863525836403828
0.8436555867059303
0.25072671281436465
0.22591344068205207
0.22316761942732136
0.6778176613349204
0.2642028575220749
0.34466183211196977
0.6296591849862823
0.33900180162724436
0.46529353433569676
0.20808334634742148
0.5480935668931604
0.5838807618821427
0.1588917643461773
0.4915075752674669
0.1627769381905947
0.3101272139708574
0.37481173831396986
0.6869641606100602
0.4938334382198222
0.1276487045628918
0.3539084050828821
0.3170693309982619
0.14221494653653946
0.3679684064398768
0.2329641103479504
0.15754063782889693
0.2017221467855681
0.1862047593051202
0.21449253872350432
0.19325813874245662
0.2208463548022702
0.2295717454202036
0.7261875419664259
0.24114065384488273
0.45489243786254796
0.5991096215636038
0.43660691778181304
0.1398122695483697
0.3041570646310308
0.13895472330205302
0.20139421257598372
0.5474319450874037
0.2483204870907909
0.5535923139922503
0.14621939548718382
0.1780504325278151
0.6022041942343093
0.3591930015291367
0.2267398898664667
0.21889782260632862
0.11454311515231141
0.5728637621983493
1.5950873248114656
0.6096803870193997
0.359642967151918
0.28378984093271575
0.10656221924558731
0.20387271920359154
0.19389378125958717
0.30496746789606366
0.2796645319421866
0.5051045461720174
1.0971481115368134
0.1366825865010516
0.0473110523283336
0.19476732342455633
0.2409288474939972
0.6148994161224451
0.6568409771355322
0.3491892147224122
0.29227853567908096
0.26172735869574093
0.6245387284022968
0.09985930969615531
0.48941826323709015
0.14179590862319438
0.3406010673505542
1.4392733336396693
0.1009620834096638
0.9868499051513243
0.21317282189729794
0.3102912110041217
0.3031499204781941
0.23484415019923435
0.2488885495013693
0.6606362806854014
0.297718648295766
0.20804089211654347
0.5017996450561999
0.3176390591314019
0.12034143921842819
0.1237679547214847
0.45358550348050036
0.236031814673928
0.3935728490242353
0.3622144793956381
0.1870564739003871
0.4225975187689305
0.23320571647614693
0.09334261136091779
0.5145687541334759
0.13780751555468218
0.23741324986923412
0.26717284650563466
0.3973570328311589
0.4522501058038374
0.3649741302635159
0.1839064343845936
0.4928902048715661
0.9260384100233888
0.2574379990371427
0.4129569264929628
0.231526440305083
0.5794631546295341
0.4632259242278122
0.5953144587330121
0.4296521734832288
0.746823647735489
0.5324412943968426
0.23606479171087524
0.22072320856426986
0.3122164606642339
0.1333105419410855
0.1253022661826235
0.3660975414654851
0.3555303146661195
0.44268063683197634
0.3482958916842675
0.22982620458726932
0.14710072283787817
0.10790039237802962
0.2529441042988931
0.595916885465783
0.5955340835807448
0.3597785038230944
0.43301664028456666
0.10787478097422909
0.9240100912379394
0.2305900869945726
0.2004522413262388
0.12345826107229949
0.10563455401135871
