1.0246813241236927
0.8056810775521921
0.6148618807736075
0.528768398068717
0.5089034158485348
0.5560720716233687
0.5727566936820663
0.6326373109457841
0.7840892608244746
0.5338291499560784
0.5750441922801318
0.5697902226586045
0.6107864640321417
0.6069083737773633
1.0215878274446983
0.7331577697178792
0.7488404143702818
0.5308687347198106
0.47237806286154066
0.6930940003055024
0.7889535688582039
0.9236761127681543
1.4456819925512105
1.5658117009362256
1.7480865817644309
1.9502372081257846
1.7732757394190752
2.366381691773143
2.3811821621530154
1.8792090588226338
2.0745647557168514
2.010282681821327
2.419389833255158
2.3947357298650993
2.8716281873980414
2.465591311290631
2.45668613169193
2.4415709496619544
2.6951556734768123
2.4097325262754357
2.473736213594314
2.642578766129618
2.686239635025495
2.6074214676355645
2.783728459850734
2.936542076549376
2.6937033244542747
2.7033736186426345
2.775649143294773
3.2256827051681976
2.6335782442088673
2.475595511909997
2.468366411404713
2.4770574326251613
2.468127897166419
2.7956701813229206
2.7943007079426008
2.5161527374336026
2.770533836045872
2.7385638347125645
2.8507689530196205
3.069709336872319
2.819248404747169
3.0392948430933155
3.2582785093442217
3.3423161942108712
3.5409862647815973
3.240383868099885
3.0531494017636476
3.079458096649721
3.278169476605866
3.590491863705797
3.1527313759483646
2.9151479421049076
2.931031294546519
3.0351968201007873
3.7340606901023436
3.0735806105647785
3.0122445628150936
3.8692691046541823
2.9831153497435547
2.9211635321187703
2.8556448768879137
2.6170914945177333
2.7499981475835424
3.0872248852163153
2.9650750155127295
2.7588518180096497
2.821554279544491
2.707759805502635
2.6604685206517025
2.830203380558109
2.7703151410631284
3.0173901185292613
2.979011848407482
3.1157553483392615
3.0537873408367604
2.9401038492179032
2.790023578850669
2.5100029675815168
2.921203046190962
2.6550496263609937
2.539477345604684
2.8836769537197053
2.299730606735974
2.242174044458326
2.6658130970847074
2.3933246967206925
2.420115805717708
3.9146402272438356
2.52015837984426
2.5465336490690147
2.4517528129795836
2.475571484627564
2.524439521280839
2.4847509456565366
3.3451070203708158
2.662503803221822
2.5526905632128982
2.9217542264894028
2.5168253273352486
2.9712579928373835
2.748416095511165
3.380199456624119
2.6331771399999
2.487757982080282
2.5243734139236143
3.052634356444996
2.519103594434335
2.3458497968875403
2.6908402048259394
2.713683868032292
3.177812285286765
3.151356498692045
3.270623409553683
2.3957495912106572
2.3322771510561453
2.9790198200248246
3.2428071583337164
2.572342650353001
2.2672302844395733
2.5103601264096542
2.826929422630774
2.493657474860408
2.423449541803152
2.8041382336683873
2.8532273279419393
3.127148639299709
2.6860444677154662
2.7820740299456292
2.552309115812699
2.9507135546373573
2.4691541484506594
2.790088290453432
3.628895971989307
2.900373992728542
2.890301402315456
2.710231097180575
2.7719946322357436
3.2551005766402223
3.319011266392409
2.9704352797186484
3.1304143045680237
2.7621917762620143
2.9723711290470503
2.8114816662359012
2.6965848916499797
4.356100748451694
3.0878799650834683
3.362425125175317
3.5205471282768492
2.9193700513776304
3.4250959893922133
3.0111687238515588
2.8130270547506453
3.2298984366313146
3.1504973097478004
3.3361336529328915
3.179241860431633
3.290305306315721
3.2104152283469345
3.2054370538373718
3.1178439201047214
2.8935026607848364
3.3224845730270753
2.8950327567058145
3.8671285691719097
3.0148991443792785
2.9147293930282907
3.041744313744035
3.3487081224538864
3.0002720387235375
3.474822595887699
3.323277808451579
3.2291323722649543
3.0942517994175165
4.0267281859106205
3.622192402858574
3.5617239707988055
3.1263115294463426
3.2391171764375546
3.5326341139284647
3.4386010665222706
3.4743818781754006
3.5295254806812197
3.5970707572467657
3.3825637622753635
3.2282715580750865
3.031260186288732
3.4486552626379097
3.4461269767639076
3.2149636895717117
3.2832700416807854
3.1679334888442066
3.0782088300278896
3.519915870286315
3.491214089597295
3.3020231126782353
3.82103049214173
3.9959407217992644
3.7355504431934476
4.051903224820858
3.5922786935635296
3.3344277066141905
3.4212975324305868
3.2528886534754555
3.8594394191726393
3.635235798126773
3.2815927001331335
4.046658628938464
3.5109039764021532
3.9069358859078864
3.3737509775815653
3.8730774839078412
3.5238716977610474
3.8875586442132857
3.457894075798349
3.670425478793228
3.8243303600946796
3.694530183465444
3.4891524387539485
3.711321151837185
3.7240542012458353
3.8127433198555947
3.5409958221507574
3.6844528567692216
3.706803079555739
3.732332627457866
3.7592395657218836
4.124733624608359
3.8850226300389905
3.916570693147922
3.711381824743484
4.041369638976978
3.569953273628147
3.8728302278867375
3.75825632702976
4.235090134270939
3.6880735724367626
3.794565012486559
3.949746483930816
3.9298368591096438
3.752788517166243
3.901679054056533
3.8362181766782353
3.9539269586208112
3.74903534182431
4.031109020425029
3.992630759669097
4.246489664940421
4.454101728740695
4.340224434330045
4.047329177631032
3.8989461980601448
4.250367455910459
4.217596517229625
4.143452332489158
3.931467663674982
3.8908537247330006
3.898313493081189
3.928523936753797
3.9849575009696547
4.155992350674427
4.1233316221493785
4.375232912868056
4.313845732075162
4.153890006301611
4.04427919493639
4.320040626673655
4.099787038137762
4.229827787924452
4.100143012700924
4.112318634253562
4.619610806789515
4.371279702657313
4.816073248638839
4.400619483298057
4.352841160603522
4.476640397627812
4.899456934394653
4.084536788691328
4.402962039277668
4.25713234694403
4.737193007083608
4.624942267900107
4.309545435384386
4.752764219434085
4.424692511969415
4.568965709025198
4.392298487125623
4.522937136327885
4.688497722402345
4.6192394103154415
4.54917401116062
4.529257556749478
5.013026736386879
5.522601992795954
4.4770266914494945
4.614776876270355
4.846922197987894
4.649437280198357
4.626961443914191
4.653109793568101
4.678931892602554
5.353680320545834
4.631497617392371
4.791254127100855
5.022691731520794
4.9913341582231014
4.891544541265196
5.773228773503841
4.856066630061966
5.009120448808432
4.6740330155592895
4.755041549131202
4.837013687493127
6.003410033437226
5.14940041138901
5.857489487025019
4.7721291155669885
5.536395521645818
4.770893374504052
4.938225634069462
4.734905417774979
5.418975051768168
4.950275291574144
5.943556485758999
4.8009967463033725
5.1882288639486696
5.108147884653
5.2878402747722735
5.095295466752536
5.293667257039722
5.315378694162653
5.036169420780319
5.324959440929624
5.641323240900466
5.211119039342163
5.515418299346751
5.468839025146526
5.7175303880497195
5.872876553327389
5.315549222687877
5.781797796249643
5.357800303340675
5.678174008234202
5.761504759122783
5.513457464809019
5.547605845445306
5.460277668629679
5.460391616119017
6.254117777447698
5.936016689874816
5.665675599448161
6.256620823838188
5.816857997994547
5.606301575765365
5.919982255258987
6.259918820447831
5.967773149199691
5.770393256998063
5.628853500151277
5.577781213313347
5.841160138698535
6.087115553884702
5.609776229509949
5.980253670003644
5.848430747064417
6.41101843232288
5.90508115662757
6.536856451377576
7.034489402773712
5.683498192622809
5.767846230696432
5.79352846440665
6.0893799628141565
6.022729623064251
6.3208099345748
6.17512391807024
6.213471429680461
5.811121105427524
6.999766862143305
5.944106955228394
6.2961446660218
5.902269894611512
6.763711750723981
5.783226463775603
6.13798302197928
6.045784581054584
6.349877427313225
6.675164495196179
7.789952533524362
6.018165195018757
6.1312965138764675
6.166033182223545
6.111805643114177
6.842262251555793
6.260228349972404
6.023962307190921
7.0001757783686305
6.245727704838381
6.034977692051045
6.479757251324772
6.48950972128916
6.302615262859887
6.5355881893670205
7.4401673566366275
6.663267920566771
6.149953334187447
6.148124877585892
7.098481543766915
6.243011191255402
6.398321969717914
6.226069701794972
6.438546150368186
6.422230038167522
6.70434862921
6.245169641446863
6.6449949020686
6.278257264824777
6.192230685216028
6.190126335295773
6.71637370820207
6.403659185038642
6.631087584803585
6.2296038781130365
6.449048257470109
6.936871410353738
8.02256784764674
6.41665618592238
6.297419927070215
6.67922657679537
6.282312153437973
6.250745667897492
6.522764528834827
6.323873088224265
6.755733741211328
6.495039238433055
6.219393416007408
6.505512739279407
6.75927405902561
6.276472961202738
7.184024424734255
6.279519237080467
6.958895515491961
6.235705443405867
6.095778510253262
6.752519865888538
6.463177611907661
6.520967492236849
6.79316406482458
7.846328914044417
6.401285940981327
6.3907364117303604
6.610717138691326
6.675510427571567
6.850349633855662
6.420180107424201
6.375854215279456
6.322510891209146
6.816377344518769
6.895527762808252
6.6165895369507846
6.387754484081958
6.659294406698855
6.843179381003964
6.962202219118317
6.60257020116559
6.3918220379814175
7.17087818817378
6.74656525718176
6.625849774531799
6.4916646662259465
7.220652651268407
7.581148533795097
6.5533482399661995
6.42425245942795
6.298480470863253
6.573759462886409
6.727889625940054
6.61333893176082
6.525416360199446
7.063519864996873
6.671057629424247
6.6980572899979585
6.317071031038102
6.482925878988286
6.548442986461969
6.240915721601438
6.699951527660575
6.746334309959091
6.625914725934842
6.311382410680561
6.515711961520377
6.430286468728368
7.52197062606042
6.36571250075685
7.561937585200027
6.494834143771054
6.333969355293361
6.513396272537398
6.515421638686842
7.22325900230612
6.507565553416783
6.539088396215611
6.546633496473686
6.8767330958237025
6.970930123804413
6.938056398357215
6.604897736816333
6.346735201000656
7.260816168064361
7.066615964184192
6.850695282615058
6.522731795166751
6.490137593443424
6.357604812136621
6.667107079480668
6.970559827999964
6.393103237479342
6.508744743648966
6.604551963041754
6.196000187625926
6.998155632520023
6.850299817752103
6.422009790635194
6.40784895693055
6.25677126093048
6.863569070987894
6.311650236589201
6.338539727951413
6.357435189022412
6.560749093865188
6.42746572404571
6.64760406050519
7.015851608047493
6.3970430908456315
6.470919014334346
6.260653810100436
6.327535808633
6.229771826123452
7.341062342765294
6.4015056243249795
6.555475848332222
6.36627368809549
6.328731196189821
6.29914825099073
6.364705616749368
6.871988055572221
6.411937136162584
7.127033533898306
6.297506915121085
6.777421480940977
6.382195979762572
6.3689977602906165
6.565717197372133
6.594455459714622
6.516217304852602
6.666403065986189
6.473824177809068
6.561686935893115
6.613464663612859
6.642231796418277
6.667449209691961
6.473000665274574
7.274833784841464
6.429906649659963
6.58995627227571
6.438569675298473
6.462666556274776
6.7817367443695815
7.44484747124068
6.629270770917962
6.424841397040941
6.883178241666665
6.333057202834533
6.548848325848452
8.177284125950258
6.474419074574954
6.288530356551985
6.238043343648208
6.68585525657832
8.173211075083731
6.858705938767204
6.354370609868835
6.7267317425368125
6.311250881910079
6.551887876182229
6.423738441835294
6.873466726370522
6.233139832749956
6.551430175965401
6.808834719777114
6.496625257478093
6.5076862426619595
6.2437238455312825
6.583739378202582
6.8834303195240425
7.073724947265244
7.088421707022404
6.469064749693943
6.644720487621679
6.31779315119704
6.415520363847038
6.456835118471827
6.455664545064457
7.296632462133172
6.851839204634345
6.604648895791884
6.78372197100442
6.973828134441154
6.157739768692676
6.459981156875172
6.179057052070274
6.356689391340482
7.710577717335482
6.456326026862092
6.470413700270174
6.555388554925604
6.442194125787006
6.436143149067068
6.307807947316438
6.692165806375318
6.210105064561335
6.848021382317309
6.648262230641053
6.347851558975858
6.201328290696708
6.385012786227933
6.527769574748264
6.557667845272944
6.426079853968607
6.3234957176273685
6.353617941928278
6.877239263853199
6.22189914635631
6.3152136881689245
6.245544057633368
6.3092645467916295
7.250487600015784
6.529288173099073
6.535851969025453
6.19371739839007
6.498078076806186
6.488325187703598
6.600306282520454
6.415221847172938
6.538069406670139
6.421823002254293
6.17004796192753
6.260916029700549
6.421866167528693
6.1984329732340475
6.210984465469448
6.5095379080138365
6.1818224841540275
6.172825707791867
6.85711021024638
6.145211598521826
6.331104969372359
6.732652424498731
6.356481888450825
6.503770093042991
6.260576617688685
6.477164740539452
6.919240732430307
6.515378745072486
6.620942183539447
6.074301077608572
7.292077455427253
6.165009934318109
6.140800967621651
6.296749871025368
7.311502370143942
6.322802104059856
6.358232787075913
6.159992458429237
6.182617886968623
6.390073526832902
6.100249329493648
6.655023458846909
6.235071583571359
6.469644351778769
6.449701666679857
6.409030536982686
6.791841649445949
6.3199746396039345
6.280890173451099
6.246383214683981
6.275656151712565
6.388614197839819
6.306002314753907
7.096507843640362
6.167606431237727
6.528125954135492
6.108214673525607
6.10354919358712
6.478591839536614
5.943699924025231
6.331186522852455
6.1172042263454856
6.170568116872757
6.39869994955161
7.269649901934508
6.1174055136498815
6.540500382968794
6.731375690547879
6.157585520943028
6.24240047128958
6.723847113696813
6.245186032608835
6.439026475139205
6.413318206418924
6.437284700857452
6.070727637480855
6.4631198438765125
6.806223392534986
6.759168668595596
6.967051906490366
6.118993360625392
6.141461966020996
6.341545722193008
6.3771559996984655
6.760873406642405
6.0916172105735455
6.253625201015062
6.666005234249714
6.3157891095314165
6.113075378470716
6.272123779427723
6.8938905092226825
6.369699808364515
6.261683997196008
6.160480710269361
7.894069955864892
6.299499147521089
6.457188932014551
6.452032544802864
6.3905104228957885
6.467707014421493
6.250634051834516
6.235953443811388
7.441016896792996
6.499411371510204
6.288680388867293
6.307899150253674
6.193567603449202
6.805791532247211
6.857079830005632
6.7785193003337465
6.17234019940673
6.851003294458487
6.2275958210433116
6.443241529077725
6.404008151303695
7.273852141324101
6.171998637842943
7.096838373797837
7.024048588362416
6.384094457151143
6.630765778211485
7.1726591003944336
6.809081531738235
6.360551341204806
6.488863927025
6.384894461324679
6.177168698796369
6.263010558548661
6.620631062041377
6.356017511313863
6.243143565229861
7.189583634811948
6.839142526185638
6.479916072646402
6.993945710318431
6.536672815771467
6.375277196198
6.519787851727655
6.679668084205967
6.332882203233378
6.5741651450097915
6.520241042891257
6.459500944964094
6.639553605202335
6.728513066537258
6.902821474290385
6.632091822633641
7.086026726919546
6.526527232848055
6.594939210815854
6.334701159959423
7.30541766039928
7.5193182940212875
6.562309802473881
6.666534084033279
6.764414663451778
6.650500008601922
6.491104249375522
6.996472722400647
7.181074267096449
6.735957009526188
6.433094865330852
7.033983044187252
6.995818731900254
6.980034082055266
6.764650713492458
7.028494853309755
7.447162785992137
6.5657708490290325
6.384955550086789
7.158789196345303
6.519288751518352
6.447354666836971
6.707628931352904
6.662371302817446
7.096649879263534
8.071594961034991
6.4793898884861
6.509557499148542
6.904693779798418
6.640371524850075
6.5358931190221
6.886163729769944
8.301434879930119
7.256847376663452
7.694077775445182
6.517036274299557
6.4963634347419905
6.610128075613174
6.6378563368133605
6.543174142233742
7.058754717193305
7.365276411899798
6.621444967433123
6.711371720483152
6.617347393982959
6.652225578210575
6.611010713483315
6.497363836600533
7.98617089916047
6.953907632604125
6.925949935035521
7.9588440101771605
7.089320938605054
6.57115682872436
6.571430204386755
6.8820646854692304
7.9354739873356674
6.483733854289689
6.684053535194043
6.524844229881479
6.774472214546233
6.915025860188876
8.198149073467913
6.675937792010355
6.691658106073901
7.05047349678648
7.410549863874047
6.751255797536633
7.752208231363548
7.12424309555726
6.922481100740341
7.210998090601896
6.4114138845074145
6.682955817255596
6.990476851033938
6.812724321942688
7.009464669789391
6.654973971177628
6.858678476512832
6.982363183316095
6.697707338054314
7.195497060683441
6.960173769502717
8.269255678380157
6.704685240829599
6.915158772173851
7.06064839606248
7.016184452232726
7.075131749989334
7.582699608294288
6.7767602293242835
6.954784586956745
6.790999907298403
6.776508673035277
7.415844090970589
7.4923697284100355
7.006422562439399
7.434479158163059
6.918707452221719
6.912268756883958
6.831467480381041
7.314107839710276
7.12483280800841
8.159040863921922
7.750792667855472
6.9815942848914565
7.314469196395422
7.087929862151951
7.64175402853494
7.383724893515813
7.281525699296998
8.37388731122385
6.935173074847825
6.945118666511036
7.020325538947633
7.029066500623369
6.938423366749594
7.183290711700246
7.402891263729727
7.4709319076195175
7.1561543499783085
7.01583001617457
7.530897041877451
7.086489481404275
7.087671668540057
7.1465670518130535
6.961248489184013
7.031505130225142
7.138271848843601
7.175164151567989
7.266724581454875
7.594821068502729
7.504762810882593
8.651719030850852
7.464932898794058
7.26068252857652
7.584621642188359
7.227615424700306
7.273065739419797
7.1947363464366525
7.6625526479147545
7.16857003178043
7.121556306381118
7.250367722423152
7.271875308861478
7.172168932559962
7.280606550859131
7.430237091105855
7.122383610570392
7.694354505957135
7.3584756487856495
7.372029683049532
7.473659907053692
7.492074163023931
7.344623671940006
7.333001957631767
7.338905455564154
7.133103510961066
7.291236868094936
7.449157182797892
7.415240960676972
7.341239172839742
7.409713757185919
7.464348118906361
7.787253611901798
7.567003247323387
7.1349001433354475
7.4263493756390595
8.199123733361539
8.018427604150707
7.1630629017832135
7.379671525572038
7.982435867048885
8.91114454664916
8.03295297592297
7.367426493724238
7.2758680737957695
7.446017094853652
8.406399581331161
8.196247168515589
7.340241719194516
7.385302165421463
7.379736339948169
7.255787183609673
7.365044437887802
7.336770059063052
7.522509506875834
7.336047415752486
7.773255841990641
7.470519750331476
7.965595802978704
7.510326552610181
7.261075380362693
7.465836587830373
7.445330295238247
7.342010432980523
7.41270774685474
7.572487821094574
7.623719989931061
7.443374514031799
7.979019174932217
7.419034818461976
7.37614927486448
7.423452661767232
8.295687139148145
7.376453486277632
7.385551085976717
7.535886461114997
7.320337100564833
7.666259769065058
7.537285212662818
7.404804364152769
7.551263676437391
7.639794720246951
8.433404139433582
7.891811997867643
7.592331939836246
7.777864325385059
7.364337866911385
7.836734178352187
7.691049405598571
7.237361048162066
7.597947693654689
7.317630153596514
7.4828111011546445
7.272418204651362
7.352464952732383
7.457252447821823
7.461798020318639
7.446632098504142
7.270958652583235
8.05795298978889
7.559920307719822
7.447453902928505
7.857301024915644
7.437046737970316
7.519700110527352
7.5066536975875575
7.921735420557571
7.358942045794025
7.415297618766846
7.387059757529105
7.519111490465381
7.414541231608738
7.650275835588264
7.402870183178854
7.59021195719842
7.566131868205443
7.639208061078807
7.748739376579213
7.5001055887203485
7.664314569676224
8.623376023680224
7.917120514984947
7.504748817034779
7.632120950401509
7.541371863732752
7.73636307415437
7.558680403011744
8.017032150759489
7.8741805097963224
7.4275210810996475
9.21536291271559
7.8590795179134245
8.296276853056781
7.694154939065696
7.968309152111012
7.488145592406254
7.608857571194896
7.592593873555561
7.68055205846284
7.590274248527999
7.629352807642874
7.548449813665955
7.581021301513482
7.873397741297576
7.832328443692597
8.163753345448207
7.724399786240775
7.935781849472601
7.682299912677942
8.046346688667594
8.23102713299106
7.664927001445864
7.680153736492639
7.502219633332219
7.852954492845343
9.406616845803606
7.735075292082223
7.601500884199561
7.6020929356732845
7.700912750120944
7.627444052071829
8.267825775443386
7.799879748262093
7.780718425679049
7.847023537126089
7.892855658083713
8.200769665392327
7.886665936724969
8.03419667747617
8.05859770233475
8.93107331031859
7.678593802583923
8.594474912520758
7.737302710927208
7.8465785062591005
9.402899922915203
7.860967974795123
8.509718963821937
7.876674387743567
7.750518455930332
8.061280165536319
7.683705603344388
7.845512807058916
8.092699170572168
8.298693025037139
7.954778970060265
8.018584723227843
7.661750633876607
8.159359716685861
7.848310855111473
7.728385031341827
7.815476299967441
8.17579788799587
7.8203272534045984
7.928351704518674
7.838653435956192
8.003482701211878
7.921261164987989
8.039129540976472
7.868295030515855
7.880239425615743
8.631554260575891
7.997390326185825
7.838446886376451
7.983460283608252
8.16601946090599
7.864823120240028
9.009874501910597
8.222919618304676
8.16478733469506
8.352164431193865
7.912153398035835
8.546891750782924
8.042243800872287
8.38584141928113
8.270656564056097
7.909049712592465
7.844311832474642
8.039664838825757
8.012163530731572
8.699832787424546
8.056147497818037
7.957944910499652
8.104135789260548
8.097452095226648
8.170160965991947
8.08301536064353
8.066884870543287
8.188277968112045
8.990605756957594
8.19585823969551
8.097747033101074
8.139615223013438
9.020051099749097
8.299684848841949
8.529890906766093
8.339982677657783
8.263133176428632
8.361554769609572
8.236781635512452
8.304510013971376
8.421226467428326
8.338877750553511
8.338829055605942
8.462560381473459
8.499622908298031
8.377475570908176
8.259937235807465
8.450019621290153
8.36693926861829
8.488791719210411
9.011506129121287
8.5170003035011
8.460268280719509
8.959051171409307
9.22053689816581
8.46500940023647
8.608597834039873
8.85763676389202
8.545064574276967
8.473281158806863
8.587885221040931
9.693241310208133
8.977046881446684
9.319688379674586
8.832393793832752
8.740550831408076
8.622459992105034
8.783618817993355
8.504463080892195
8.766487886833428
8.79517040435201
8.693708328081685
9.40905913700332
8.605973453842926
9.107748588619682
8.696848820567235
9.81618714913803
9.33725453981333
8.884961576340872
8.763114125224414
9.225035259007132
9.0500166195544
8.766576761226084
8.877999206587862
8.871160211670386
9.180672755898994
9.215542272246351
8.981812879492932
9.016272738805165
9.0934214400083
8.957729735099017
8.914111735011012
9.178063569460424
8.862370328334443
8.898672220379083
8.921065340559949
9.089314818268074
9.249786256580805
8.956277397624014
9.149124018024045
9.125739511253125
9.885054583142576
9.042091441910243
9.174488311568325
8.989558671706567
9.191867780100521
9.483124027420244
9.268266904857335
9.080462761002543
9.124838379883537
9.668152568108166
9.212288524038655
9.464381709327558
9.37088295250249
9.237921751179961
9.261377973193818
9.510577082710341
9.770346396334368
9.469678535685711
9.409797710265925
9.314079128663188
9.77910845170746
9.376989482916903
10.053639632067382
9.47227082515718
9.431636055023729
9.953437997492784
9.845764180653717
9.233323964301796
9.617979626421057
9.426899286578301
9.615030906490425
9.531520878168012
10.003615900122426
9.711081268143511
9.731923271342351
10.123838572627971
9.634324864344855
9.605185727014725
9.724482280882116
9.856578415100323
9.779014900688438
10.042098635383843
9.643011076264367
9.742874400054747
10.137119865606476
9.88999892299114
9.880684062467948
9.990156364379036
10.23827417634974
10.136979859666098
9.86439187139151
10.129665881732723
10.053036071222056
10.405779926492956
10.44026947091609
10.10478745102042
10.515265559201415
10.323279590695794
10.351939111618051
10.125047270586295
11.376503936588488
10.36895406434556
10.483425280761123
10.306450502533062
10.148890533335278
10.26813280219886
10.210649493828948
10.368905883218767
10.185662785934186
11.362864613976651
10.368067072800097
10.384756423957313
10.677311380039681
10.343675895541121
10.492486469908313
10.59591763488894
10.523737809535595
10.819412571463408
11.042816025965578
10.595631526797396
10.719947882627075
10.561961178796096
11.165463441871058
10.768757159059799
10.934132478585742
10.72104231615103
10.77973646348343
11.265590660251672
10.662569945556706
10.827696374496954
10.842897629861108
11.141154872407215
11.54819124110645
11.437705917140255
10.891064084210274
11.03552330617155
10.999769131339812
11.032034937669296
11.364734960548992
11.35916394030797
11.047481624037706
11.167354750112302
11.09888702527963
11.498456082203148
11.255546050368174
11.522091248432135
12.074519386994867
11.323151882954816
11.473323125385031
12.01829255094132
11.489591747174572
11.552092314177445
11.427498418627044
12.542137477541342
11.874061033952678
11.684380356427694
11.726004822412662
11.874357858056513
11.732485411341207
11.830600276429626
12.479801411826932
12.115423303957991
12.315465788107714
12.347867153393683
12.263628609988801
12.985418548489644
12.637504356966591
12.895415572564875
12.574095277321254
13.060187136260446
13.370887143871151
13.302019153897298
12.863838334005065
12.757599775028947
12.96694302450213
12.919208620459909
12.973493698154112
13.613598022896996
13.068112847078963
13.37445596722572
13.27572911833095
13.204048123365645
13.257717119027658
13.424461233824315
13.499414319821849
13.596447247492812
13.44439985504138
13.511181405766429
13.743740322661836
13.566921978918739
13.791566457319627
14.235657958013823
13.716625894723144
14.193981351544052
13.922425314791479
13.802172456313581
14.288594078665595
14.10874179369684
13.986590628851474
14.260059130380913
14.147561052244077
14.533413721559787
14.905338991543166
14.796505089940341
14.2189254579268
14.369874985524477
14.772988692796774
14.571836114256469
14.739884062639243
15.184613219494818
15.224771997443048
15.50424137826223
15.47838000935969
15.546653621706797
15.50569477398214
15.578849014607346
15.757742915902044
16.28316499532575
15.699310221652048
15.685486034648488
16.549707659638415
16.527429532024723
15.778700538850542
16.021291506878615
16.436472410945132
16.0447396121636
16.205857430942164
16.40057659844612
16.142318430644806
17.062058037960334
16.44261916148514
16.83111977210499
16.406602897678955
16.612031470807928
16.94637734449389
18.110221603922934
16.54370919966565
17.218364521751877
17.567938824372185
17.26173471022413
17.91480839964899
17.04720895622878
16.993359347521228
16.851912745486445
18.796322443780323
17.068691138668285
17.29888611264699
17.719024839727172
17.09012718408278
17.348001872461868
17.106311313517953
17.16409601466889
17.624434617526486
18.991673437412153
17.30514317630577
17.148011704991973
17.250967278312864
17.358548486052708
17.52326524570382
17.414624685680028
17.378625300186844
17.40995292482147
17.6369568913413
17.717018406150153
17.44666157400386
17.63753318841154
17.530838228379725
17.63776949126308
18.166355699934677
17.71355697145812
17.904714012953836
17.685061043085543
17.843076642964462
18.096099071173644
17.845357384362345
17.852215065829
17.77581434497919
17.79968043863136
18.13747374792088
18.307169360896975
18.064239333770644
18.31060692109498
18.237858047918284
18.177898006510617
17.895293005712748
18.53262106203115
18.229877326867868
18.32270044875352
18.655662678100988
18.54468772472492
18.30521275793985
18.754767437098597
18.26947489473553
18.630141929430064
18.346999709284237
18.238644323004486
18.709317268773617
18.18711326407497
18.283799795471968
18.301293720198974
19.24752362271807
18.326467501043695
18.301415397976697
18.4766852201253
18.54638976885877
20.265611239015463
18.420136200495946
18.54419274977445
18.506303153485266
19.262097451106293
18.61063524950184
18.810507868148523
18.620350654482344
18.717397326363322
18.7510344038454
19.440747353426413
18.85046468670742
18.723546206778273
18.64130485571812
19.047972400960358
19.052969497939223
18.951480006780873
19.080884665257628
19.462986862692862
18.801631915638488
19.12385692453911
19.08631154361182
19.03495067889743
19.966390394152487
19.151399784536103
18.966198685335616
19.18226450363416
19.161435959947035
19.470286080163483
19.540990054177858
19.911312808085512
19.236008381500156
19.28597354963299
19.17943527403751
19.354190873889863
19.799155271452697
19.37365522461634
21.28093951984722
19.578340419341178
19.446039534903612
19.564669505242158
19.58631195857877
19.592631584023152
20.267073306032866
19.47315096466908
19.508252437611343
19.56405243807531
20.31631366945371
20.18097792334393
21.56417975495734
19.609611176611526
20.0241182259198
19.735964466248127
19.85149961007996
19.684245965645815
19.750462800863545
19.68914768130387
20.21170190644819
20.136231522019358
20.07621478711141
19.881636343488168
21.119622359653253
20.068192485458738
20.625927590711402
20.234125426431138
20.267369108739494
20.03803145544724
20.6921850014399
20.541694261001044
20.291478942779587
20.687618120113683
20.227507459903084
20.160777984489744
20.478533279454037
20.40546621549773
20.868340125118486
20.292419561462328
20.94195075322018
20.345481340279136
20.228080244476534
20.346888800127168
20.58391068740074
20.32877060632458
20.408091302926024
20.648793717371873
20.774380269730734
20.3447424032121
20.455363932803234
20.406907248733365
20.93531639692685
20.622968464469253
20.42655588682572
21.230990043286727
20.636466529519804
20.581526529279746
20.580765959878093
20.58030285682517
20.50783768589971
20.770218091289184
20.659733856629863
20.822250234957032
20.717970719613465
20.74850772601579
20.603135405237122
20.92464114651
21.03792119533371
20.676796531192384
20.84980662671829
21.373542661790765
20.93664408764303
21.46824836171075
20.820899663666367
21.221725808557252
20.664814321251004
21.2139083396919
21.1086062797248
20.81019714883273
21.45706100285932
20.761972130664464
20.790687546645856
21.19677995198573
21.13946413486272
21.117982391274378
20.981211518069316
21.545123568817544
21.69116838115493
21.40252597268973
20.8329048901317
21.2151008845763
21.32275641577079
20.957765432852888
21.082937133501503
21.072711295256404
22.403402780917393
21.174537901152686
21.268335211187004
21.243526292516012
21.07131166364578
21.00015916346191
21.121607420101313
21.403447101810848
21.324445518032782
22.386733536106764
21.167698118898304
21.147096300879294
21.88124560628087
21.16430045737854
21.440046322328307
21.196867195985018
21.481992866493947
21.520363655443564
21.32412227474237
21.44220820205048
21.361012384016966
22.214494027719205
21.28033551805326
21.289963116998607
21.14645212618236
21.261036965214277
21.323842670618777
21.289951544948647
21.276104544660004
21.315545309199983
21.636115130708397
21.38153926368546
21.290969466944286
21.41230163861824
21.34020799925099
21.600716593602836
21.688189932766456
22.262929652689337
22.07556198662736
21.4746161495928
21.833678938783244
21.342444282418818
21.193216525615316
21.21584629620887
22.501440494637883
21.722780201587334
21.326558128145074
21.4987769156251
21.52385648818032
21.590716754094473
21.57064992377215
21.501781589714756
21.858270301807007
21.518239841252843
21.460536395256995
21.499397377050876
21.280150379612206
21.67147741309905
21.45294712899037
21.633609734931017
21.30551591272372
21.77934114050666
21.612811290348112
21.283671523656075
21.41884435548219
21.60487300663493
21.585772034679806
21.320940285405886
21.56436673257524
21.760193716177778
21.42141921436785
21.49071085932478
21.45860144118693
22.434288945154826
21.792343144375955
21.537653018987733
21.886606708313373
21.518794529452887
21.57375030871447
21.675748332553106
22.527942266800718
21.430861106252845
21.69597886690143
21.817072944580776
21.47599523683907
21.55140395685642
21.869984651436006
21.730956087711913
21.586393447682592
21.62277812729103
21.71496871096624
21.610997675572566
21.561338024589794
21.462973768106092
21.444443622456287
21.454222738032236
21.679444919584046
21.676324894892705
21.548818152223866
21.68504726915634
21.473411464143553
22.283920212726965
21.579312546397148
21.579553813383697
22.047018260500934
21.72142485326988
21.525508590783375
22.001890642529947
21.76446422539255
21.482714010823948
21.77008782325448
22.120616436290348
21.97417238365973
21.381653550508787
21.323029138249122
21.379357536948625
21.358159466098407
21.44064400130632
21.499750397287386
21.820351175397345
21.470865007805898
21.432667781531613
21.53763112255591
21.999764871582286
21.673298554780384
21.598580803654045
21.606226795509176
21.767907752748762
21.84505925974265
22.45639307218846
21.471565411582976
21.35515542922323
21.435485862611326
22.445354778179972
21.802929026842904
22.162914520368304
22.111418736931075
22.3779694423708
21.758280899028023
21.83296753518704
21.44299377927427
21.515442398680342
21.623372800865585
21.586257407586398
21.905708098653303
21.8144925981281
22.150680356298402
21.531287307921655
21.466708672910634
21.719862648294107
22.748380181111592
23.097805245030965
21.511869257025744
21.532625376593305
21.66571881470729
21.60684039439971
21.63033375590051
21.860087054952086
21.768339378793556
21.64798547487964
22.205796460960602
22.376429469660962
21.89868635757777
21.747648455444793
21.946102624413417
22.240071390953517
22.348630439583644
21.63823348698262
22.237379472146966
21.859043158244244
21.84099487312127
21.82164669759067
21.71165782470825
21.852680328957135
21.60494519181285
22.009437559134398
22.17489867018668
22.07684011100834
21.916812151989674
21.878844018648383
22.482419588931172
22.364473828498696
22.6124512759513
21.772348977297494
21.80569317497316
21.993902572273793
21.64060231267379
22.28440381491318
22.00186163907402
21.82557062450368
21.955704561107638
21.94142594963195
21.93318364012218
22.39481457176398
21.95046732327082
22.1910169687095
21.840624105760934
21.81833300846697
21.747162795678133
22.085187962466343
21.849364013097567
21.945486976922535
22.085705026025355
21.76720604831703
21.757571201467247
21.89321360504831
21.83564054751072
21.99785053584463
22.041677359676527
22.641369996215325
21.918953071922115
22.314730055122528
22.00036098322438
22.17091971404437
21.95540740997259
21.957047640141013
21.96348858098853
22.29131195489725
22.023380873797105
22.058790377400083
21.97513457444207
22.258733296317
22.856696067371807
22.26012773886643
22.12392099016863
22.75854086874715
22.184747749089905
22.142090128581618
22.12178077089273
22.66018808156552
22.035486208704313
22.33095661240723
22.457711466797374
22.393300195785326
22.151306892049885
22.228979046201175
21.90444044818349
22.5171879906566
22.282635536890073
21.970728512430007
22.191598827329695
22.34286280293385
22.410965751369748
22.222705139934956
22.41566816625054
21.985869860508014
22.40558369560807
22.042029844599664
22.099367295158117
23.169196773634535
22.187933513814524
22.18521223816203
22.150548369476862
22.459930589242333
22.170419996203417
22.15512304176758
22.35557904004063
22.27035097413946
22.888022333749056
22.37761120470275
22.47339264355158
22.1277173760447
22.36371047626883
23.091864183142537
22.259655782632358
22.346995106653544
22.2801677832881
22.438969342226397
22.088917826784957
22.160297894384144
22.49159765896644
23.4838800156258
22.610879809106912
22.953024442937245
22.185035471609897
22.28184178543826
22.204112420431677
22.72430427892434
22.243417232763434
22.58301339729394
22.76072342767523
22.274315491393168
22.18304772338592
22.691864569364647
22.324632057655656
22.894184907804664
22.399791371631412
22.575496629198856
23.372489925863622
22.690300271472566
23.192317876569046
22.420864294792597
22.27035196366208
22.185852379115033
22.157871281854714
22.24104733292612
22.22054364804549
22.57396538550185
22.16176971055975
22.473466613449858
22.45807825258769
22.815524682948986
22.279647245131926
22.347014487652274
22.65941852370563
22.35368936411103
22.41550484733687
22.608857885557228
22.320090126718735
22.58295025264884
22.372729012564353
23.28860711232185
22.66083477552135
22.686267962200905
22.403145051326092
22.686885888163204
22.33479339134134
22.471979865848684
22.543287788494524
22.884520267065174
22.987318973108913
22.606509189303413
22.551800994073687
22.63426970635792
22.675380944868962
22.45454622172715
22.776889329726977
22.612524959792704
22.651140659292228
22.459305763551576
22.634096646378374
22.446531241939283
22.53960126670757
22.695909205901376
22.54298091437281
22.608150041058117
22.399775230343
22.607546443961887
22.563084610095686
22.415510730242158
22.719154981964195
23.13169888940082
22.777686157570336
22.962887341898675
22.846848215935555
22.45915697816462
22.686857233070597
22.836055198490392
23.12692254065472
22.51380617281052
23.135033739534204
22.980061512820804
22.535914421494635
22.515781542315217
22.72100451811155
22.869172891159323
23.31645159891213
22.771559784796334
22.71570952958183
23.296135395586088
22.70763435344917
23.231967547823245
22.869023316390262
22.789230368463745
22.854264215381793
24.319093066726612
22.944049789910547
23.022749555208577
22.949304451680195
23.34090026604607
22.61592180634843
22.85503171180514
22.996224810640264
23.055549506814746
22.90101374086288
22.96655050762779
22.694510029204903
22.98442062478853
23.032293045672155
22.744141753534958
23.166140851901876
22.773942672115115
22.830475796163775
23.00108698816909
23.22446113451599
22.703058260924813
23.449270319263416
22.874716413969896
23.356203521633034
22.92762065965894
23.087830302153975
22.986956217894267
22.966566294945313
22.9280597468168
23.35746217430108
22.986665519406063
23.95696495389985
23.143687346268603
23.765487571994193
22.94043360931069
23.0495993601651
23.522520782413974
22.992214586010526
24.973851276286815
23.515448265439765
22.95035047184818
22.974687716228367
23.025375515547402
23.078660345189473
23.095025728971432
23.017345296938682
23.321935434804338
23.65838712449045
23.097531343478938
23.43177402036432
23.427837748282602
23.364873342866233
23.783838193677564
23.223437684189694
23.239153557294912
23.02134071908422
23.239709563822124
23.111428417147
23.12420169796021
23.17378859850954
23.344496380271778
23.468641040975573
23.23505049647388
23.195776522817063
23.152898768081826
23.82483011390517
23.108256927560458
23.340638060715538
23.41411332663436
23.18768275694779
23.25400389992897
23.329447024347303
23.25135509871542
23.39537034966382
23.44913004651916
23.836100666434476
23.348972642387277
23.782905185980322
23.410684634172828
23.394279442712442
23.542509217724483
23.495350381182156
23.508527338101192
23.37723001744498
23.429595599318606
23.848509535415634
23.706120562707667
23.519508869966685
23.966229864801992
23.4975050757726
23.428724280313034
23.975849897887215
23.446509504343748
23.778342793732072
23.619130157907026
23.63420814498738
24.111488146655145
23.638170550567445
23.497333175873912
23.54511328493013
23.851871358546727
23.849693609557587
24.006252408692713
23.872991544759092
23.603589569255437
23.877237877269973
24.013444182447472
23.762933909189268
23.643041810443343
24.25999401460031
23.92738236967775
23.900894280212036
23.738862121865388
23.714763969190027
24.04444177776596
23.79040377705239
23.63344800632895
23.795827427966397
23.87587340697461
23.71500388177179
23.762039401887858
24.39731642759866
23.722652456062143
23.906002768865896
23.818764158745573
23.81151274496227
24.177714971486182
24.05380633359676
24.016582378760965
24.344231783697982
23.967989751559664
23.880858611424582
23.86437648345136
23.890507445291743
24.102271740562955
23.82218217427604
23.82071232173845
23.935388612242175
23.901386697295337
24.35404521349813
24.076383456123708
23.973024999297692
24.040013945180938
23.780050159360425
24.167094504447423
23.87175455261551
23.920324646578035
23.945217543847622
23.79579597622365
24.03754232843558
23.866565375868323
23.796004617372393
23.960919350041546
23.85583346342645
24.00777373429049
24.098170349940798
24.094781257260266
23.931392169749603
23.856800473107313
24.77234284154032
23.8276241283307
23.99184106917582
24.371052648846234
24.276978847063003
23.91950300977228
24.080093286912682
24.323083132497317
23.86970792622442
24.121997234159295
24.98614869111433
23.812492616262126
24.019948684078603
23.858992705314325
24.052174728341914
24.986949289179016
24.003368337301005
23.90017071284121
24.264556329546252
23.984428183335453
23.842902964468486
24.140936498304328
23.935173639479654
24.059202302635796
24.53949157656792
24.167390800556255
24.822107947201854
24.156062491500055
23.884648322513254
24.292328414871037
24.04524198624158
23.90213765203648
24.361979103188414
24.108355672592182
24.32581056295465
24.23078358010711
24.24932466370346
24.06084868387811
24.872058423640723
23.99866000377613
24.13053893045794
24.07057047309232
24.298553922297906
24.695276600174665
24.21048592390885
24.241770894638833
24.13522307292563
24.283689947526405
24.471891673430665
24.277244266373323
24.213075383232812
24.248275410161117
24.408567027552873
24.644584071174645
24.186925597556154
24.26688569002938
24.118404901013097
24.369383422421723
24.145907533998134
24.389100048866055
24.246244746786534
24.91254415933838
24.274518596685933
24.34703516872152
24.19272038749785
25.27099471550098
24.54297545008137
24.77783845807637
24.242978737051896
24.63804721780768
24.513557739883005
24.625754385023477
24.86839421519525
24.98888014848043
24.262284706308044
24.377331287067825
24.58729937714043
24.560656957312766
24.706469186741874
24.692296380074886
24.408124143858853
24.305179253438624
24.52254228131955
24.480921512123302
24.659720166967528
24.38801992385492
24.549504453950206
24.422048131023452
24.56146834677469
24.73926132791331
24.55473183089481
25.20411509809367
24.61479480482278
24.954856466004866
25.016212662331313
24.62797243760639
25.538793407066397
24.560739355631526
24.670771779078137
24.598142928899108
24.755082755448733
25.135555918194314
24.98682870907231
24.570419997929925
24.699063315881318
24.583541543933983
24.86046720855286
24.680160662035274
24.8611217149739
24.774549773085973
24.510367383154357
24.91469899299706
24.578089168997327
25.32949819325415
24.829182795717152
25.354701485715527
25.45067642871345
24.896078633504068
24.9443672835445
24.679704116581224
24.725134471969245
24.619667568700077
24.750273837112548
25.03062357472784
24.674150829549234
24.686702805487364
25.192417128974288
26.60985689232406
24.583110647154523
25.008023752991523
24.89424318195153
25.13502757442368
24.805774158970888
25.158117743376057
24.986040602792837
24.853051035780954
24.784708016789036
24.688645960774988
24.807078589707523
25.033307824899637
24.713600820291152
25.797054817731432
24.73897763214351
25.010663067983703
24.89738948920013
25.092034303740103
25.174410294871176
24.759289565346492
25.134271790894
25.17003375659846
24.984567346831987
24.94504216058963
25.32185463804814
24.857621433246955
24.769716481719183
24.767820483177776
25.28318943154029
24.790385222090716
25.12633440349637
24.873081154013146
25.027628610104674
24.899830165382262
24.82629957224352
25.254765171369066
24.984616043207392
25.273796102250905
24.966685770746217
25.354438194346233
25.018897120989635
25.290835497928818
25.0663043842997
25.166097359203754
25.179600902326193
25.397703664369995
25.189753217157183
25.017299010542953
25.331146660753763
25.020434780891907
25.00873607545885
25.233115064759673
25.412768520453415
25.369906063362247
25.27439826856966
25.317486616649063
25.185319792151734
25.224990493018897
25.124200177239288
25.40924745362319
25.681357559359682
25.667725897282974
25.176341217747904
25.278335030935985
25.726470305187277
25.344616222756564
25.358729653417328
25.862100080618916
25.42179543097579
25.406657638094543
25.393901753687857
25.337032149882017
25.271365820131766
25.23963206862607
25.859322259431416
25.498050387242266
25.301269037978486
25.482247979539167
25.606144493736185
25.663959932419218
25.480549632561136
25.33826904630323
25.362073037873394
25.71048925255493
25.425508520216834
25.493753043893282
25.53320086372278
25.40793943201517
25.45604012632475
25.95931986065341
25.931424122868826
26.11651636584471
25.61453967247183
25.64902868244652
25.67432434246761
25.828695906257952
25.6296062481173
25.807781041750577
25.81502347326985
26.528141315537177
25.723553000389725
25.763877334962327
25.737538444104008
26.24717122774247
26.22253392408713
25.982827142000488
25.868348144030083
25.903126540042305
26.000094452154016
26.45123279488993
25.85313180602814
25.9216263357548
26.03499048308891
26.031047299850318
26.032009984719803
26.09077648224123
26.32710355004719
26.781129821570868
26.221358871484185
26.181155337568455
26.354984341341172
26.214412835905616
26.667305368865197
26.738572971036437
26.44509210479171
26.38255407158799
26.35391375954452
28.09138760566758
26.447086960602448
26.518189745262905
26.606833672330442
26.831925867752453
26.82624134149847
26.488888190851373
26.83819961832203
26.699097136901685
26.680496883099483
26.846122164114377
27.099895726710557
26.902191838025647
27.14565607812785
26.99547433571751
26.9767909054731
27.031582537983734
27.00080684287014
27.145595346633854
27.41400914291808
27.49842525599455
27.749455535038866
27.427350569418664
27.21367899164956
27.528285483095377
27.852840427005123
27.724157651017936
27.70155705938707
27.747446161144897
27.825909361407145
27.80035075513911
27.912150258983612
27.833558543883242
27.927821475685963
28.19779537007493
28.790440996904685
28.05863283396869
28.35398063472496
28.30734947314296
28.689471796867657
28.87817291387573
28.92496745715674
29.047990081310065
29.067959416055082
29.26418726328247
29.539335554071215
29.6173089751129
29.81175930496501
